0 747
2 562
2 1492
2 6
2 5303
2 7128
2 4154
2 5179
4 5770
6 667
6 6180
6 598
6 3079
6 1834
6 6283
6 7340
6 7279
6 342
6 1492
6 1462
6 7128
6 1284
6 1551
6 167
7 177
7 6243
7 6250
7 428
7 2142
9 4481
9 1795
9 2660
9 6053
9 246
9 3843
9 6441
9 366
20 2689
20 1316
20 4151
20 4462
20 6463
26 5345
28 7224
28 1658
32 3136
32 2195
32 5676
32 4845
32 1166
32 3155
32 6196
32 6709
32 5206
32 4187
32 1020
32 607
35 6747
35 7035
35 5283
35 4246
35 6887
35 2040
35 6475
35 4235
35 2301
35 2045
43 2893
45 3912
45 7537
45 3986
45 4852
45 3527
45 5896
45 5099
45 3340
45 865
45 4527
46 2442
46 2414
47 1792
47 7489
47 5378
47 6427
47 3845
47 6637
47 6408
47 2985
47 538
47 3181
47 5314
47 397
47 4657
47 4146
47 3128
47 3833
47 6458
47 6991
47 6876
47 1789
47 6207
48 1761
48 3250
48 7213
49 3360
49 4000
49 5510
49 3361
49 3400
49 2892
49 6605
49 2510
49 6096
49 7224
49 2072
49 3038
51 7135
52 2510
55 5474
55 1932
55 494
59 6004
59 6300
59 1564
59 1693
59 2414
61 1680
61 2940
63 6221
63 4166
65 6407
70 1328
70 2707
70 900
70 5048
70 7097
70 1135
70 4925
70 4702
72 5966
78 3520
78 1216
78 3495
78 1642
78 4587
78 2060
78 1328
78 2194
78 3862
78 6519
78 4632
78 2332
78 6621
78 3679
84 1932
87 6115
88 955
94 5042
94 6564
95 3296
95 5610
95 7552
95 3430
95 5832
95 4330
95 2347
95 3757
95 2158
95 3855
95 5224
95 3602
95 5876
95 7352
95 1020
95 5277
95 4126
97 4657
97 4146
97 4676
97 5876
97 7350
97 3833
97 3126
97 5892
97 6427
97 652
99 1795
100 5361
103 1793
103 3715
103 211
103 4999
103 1671
103 6860
103 4785
103 2787
103 6838
103 7224
103 3773
103 6302
104 899
104 1046
104 5281
104 522
104 4235
104 4236
104 1296
104 3536
104 5715
104 6228
104 4246
104 3096
104 5918
104 1989
104 2145
104 4671
104 5283
104 6884
104 6887
104 4338
104 5587
104 3956
104 3486
104 771
104 2105
104 955
104 2768
104 1533
104 2943
105 5581
105 6022
106 7542
106 7045
106 326
106 296
106 2217
106 4906
106 2289
106 5293
106 1327
106 1137
106 4338
106 5715
106 212
106 2511
106 3096
106 2458
106 1691
106 1786
106 5791
108 3192
108 3826
108 7574
108 647
108 2616
108 6445
116 5430
116 6566
116 1624
116 6207
116 4701
116 4511
119 4000
119 3997
119 446
119 3341
127 5454
133 4705
133 5787
133 1734
133 585
133 684
133 5265
133 3891
133 724
133 4149
133 4505
133 6395
133 1918
134 652
135 3042
135 894
135 1988
135 3269
135 5526
135 887
135 1304
135 5977
135 1658
135 2510
135 3679
137 4785
141 2369
141 1691
141 212
141 7542
141 3446
143 3520
143 4785
146 6873
146 3555
146 2759
147 7336
153 4392
153 6041
153 4543
156 2548
158 2232
158 346
158 6564
158 670
163 4708
165 5168
167 5889
167 3906
167 2691
167 5668
167 3079
167 6256
167 1834
167 5377
167 7534
167 5968
167 2387
167 2126
167 1462
167 7128
167 4356
167 667
167 4933
170 4785
174 7162
174 1954
174 776
174 1610
174 5074
174 5277
175 5153
175 6408
175 6590
177 6385
177 436
177 6769
177 2366
178 3042
178 2787
178 5220
178 2694
178 3400
178 4393
178 7498
178 2892
178 6096
178 7224
178 7123
178 854
178 7608
178 4122
178 6003
179 4512
179 2880
179 6965
179 1462
179 6936
179 1834
179 7340
179 1309
179 2126
179 285
183 5968
183 3969
183 667
183 6341
183 4428
183 4937
183 2747
183 1180
183 6941
183 285
190 5058
190 6123
190 860
190 6085
196 1544
201 7248
201 3656
201 1010
206 5057
206 6390
211 1665
211 7301
211 1945
211 1658
211 1642
211 3869
211 2318
212 7045
212 6022
212 4871
212 904
212 6538
212 4235
212 7054
212 7213
212 6417
212 3096
212 2458
212 1691
212 2605
212 5791
212 6696
212 5285
212 5031
212 936
212 2217
212 4906
212 5293
212 2234
212 927
212 956
212 778
212 296
212 448
212 1014
212 6729
212 2511
212 5715
212 5722
212 4474
212 2145
212 4671
212 228
212 7542
212 1137
212 879
212 6512
212 2289
212 4338
212 1107
212 3446
212 7417
212 1786
212 7035
212 7551
214 5762
215 4611
218 4696
218 5922
218 6772
218 4250
219 4561
219 1665
219 7352
219 4393
219 6519
219 2892
226 7232
226 1859
226 6696
226 904
226 6729
226 6515
226 4304
226 5203
226 1751
226 1872
226 7592
226 4324
226 5285
226 936
226 2217
226 2794
226 7342
226 2289
226 4338
226 1107
226 3446
228 6528
228 2947
228 3781
228 6022
228 6538
228 1297
228 1107
228 2458
228 1327
228 4189
228 1179
228 804
228 936
228 2217
228 7338
228 879
228 1137
228 4214
228 7551
228 296
228 1407
235 2896
241 2800
241 3344
241 2747
241 667
241 5888
241 7534
246 632
246 6441
249 4052
249 1495
251 601
251 562
251 679
256 3325
257 5610
257 652
257 3462
257 5065
257 1610
257 876
257 3822
257 3855
257 7162
257 2036
257 2158
257 4330
257 2938
257 5277
257 4126
257 3231
267 5206
267 2903
270 5169
280 1008
280 3602
280 6027
280 980
280 5577
280 347
280 1326
285 5251
285 6941
285 6341
285 3079
285 7133
285 3531
285 5968
285 601
285 667
285 1180
285 6970
285 3615
285 4848
285 3311
285 2800
285 433
285 6194
285 1907
285 5814
285 4154
296 448
296 1859
296 5060
296 3781
296 6022
296 1786
296 6538
296 4906
296 2572
296 7054
296 2511
296 1297
296 1107
296 2458
296 1327
296 5791
296 4189
296 7045
296 2145
296 804
296 5285
296 4902
296 2289
296 936
296 2217
296 879
296 1137
296 1844
296 1014
296 4474
296 1275
296 778
296 1278
296 7551
300 2232
300 1795
306 3460
306 4934
306 682
306 1610
306 6222
306 3855
306 2832
306 4755
306 3992
306 2972
306 5277
306 5790
306 738
306 7046
306 7015
306 3368
306 5610
306 3437
306 1209
306 7162
306 2299
306 6845
307 6480
307 7489
307 4146
307 4657
307 4676
307 661
307 2017
307 6408
307 3786
307 1792
307 6991
312 2056
312 5330
312 3845
312 4934
312 760
312 5610
312 3134
312 3822
312 3855
315 4705
315 602
315 4647
315 4524
315 7439
317 6884
318 4943
322 4532
322 3715
322 5011
322 6470
324 2517
324 7437
326 7542
326 3474
326 6902
326 4983
326 3928
326 1327
328 6097
328 2332
331 5159
335 1665
335 3715
335 3400
335 6519
335 5905
335 2259
335 5334
335 1559
335 2456
335 5593
335 3612
335 2591
335 2912
335 5218
335 1316
335 4561
335 4456
335 1233
335 7083
335 7535
335 1945
335 4785
335 2707
335 1207
335 1980
336 7224
336 1689
336 7117
336 5501
337 690
337 2540
337 1935
338 7048
338 1618
342 2800
342 4627
342 1492
342 5303
342 1284
342 667
342 575
346 7041
346 4260
346 2785
346 4397
346 3549
346 4368
346 2232
346 6564
346 4060
346 5887
347 1721
347 980
350 6498
350 1932
353 1551
355 6918
355 710
358 4034
358 5635
358 3653
358 7465
358 2635
358 3468
358 6477
358 1556
358 4567
358 2616
358 756
358 1373
358 2142
363 5041
363 4453
363 4785
366 6970
366 1795
369 1939
369 4149
369 6775
369 1897
369 6362
369 2091
369 5486
372 2510
374 5056
374 2913
374 2820
374 4326
374 5911
374 833
375 4193
375 3634
375 6759
375 5065
375 5610
375 573
375 4738
375 3855
377 899
379 7501
384 4456
385 433
385 4877
385 6085
385 4437
385 5623
385 860
385 2621
385 4879
388 7301
390 7224
390 2259
391 2513
391 4785
393 601
393 1834
393 6502
393 1462
394 6162
397 1792
397 4657
397 5956
397 4359
397 3833
397 538
397 6207
402 440
402 5384
402 4738
402 6477
402 3463
403 4006
408 4785
408 2474
412 7008
412 2765
413 6004
413 5909
413 1486
414 1704
414 6059
414 5319
415 6390
415 6186
415 6022
415 2023
429 1569
429 6820
429 1610
429 6661
429 3430
429 5289
429 876
429 6733
429 1166
429 3757
429 6065
429 2738
429 2195
429 6964
429 1305
429 1020
429 5277
429 607
433 6624
433 4002
433 4877
433 3237
433 5164
433 6349
433 1614
433 3311
433 5623
433 5434
433 2415
433 3325
433 6085
434 2896
434 6363
436 7129
436 1993
437 6965
437 1445
440 3725
440 6881
440 4098
440 6898
440 4549
440 5639
440 5384
440 3977
440 519
440 2510
440 7601
440 3314
440 3767
440 3736
440 5657
440 6460
443 7306
443 1859
443 6186
443 4331
446 1665
446 854
446 3400
446 4122
446 4523
446 2892
446 3341
447 2126
448 7045
448 4902
448 4871
448 2217
448 778
448 2511
452 3552
452 7248
452 2372
452 2216
452 1164
452 2992
452 1521
452 4341
452 3321
452 1338
458 3889
460 7335
461 1520
461 3822
461 3845
461 5921
461 1792
461 5610
461 7182
461 3855
470 3341
471 1792
471 1536
471 5378
471 4676
471 3845
471 4359
471 6408
471 5314
471 7489
471 6991
471 2576
471 2385
471 661
471 3093
471 538
471 6427
471 4636
471 4511
471 2017
471 2985
471 7402
471 4653
471 4720
471 4657
471 4146
471 3833
471 6202
471 828
471 5118
471 6207
479 5673
479 5159
479 2341
479 1921
480 522
480 4671
480 6822
480 4823
482 4916
482 566
482 4647
482 6441
482 1691
482 1405
487 5138
487 1923
487 4766
487 6694
487 3479
487 5000
487 5529
487 2298
487 5298
487 4558
489 6316
492 2672
492 5218
492 3467
492 3653
492 2616
492 1147
492 2690
494 4232
494 6459
494 1932
496 3711
497 2820
502 2912
502 929
502 1921
502 6519
502 2259
502 2305
502 1559
502 2349
502 4238
502 4527
502 4785
502 1651
502 1941
502 5335
502 1945
502 6330
502 4943
502 4986
502 2591
512 5700
512 3182
513 5513
513 5331
513 3107
513 4183
514 5700
514 4788
514 3705
514 3463
514 1689
514 6873
514 6103
514 6463
516 4593
519 7601
519 4098
519 5639
519 5384
519 5657
519 6460
519 4844
519 6477
521 3075
521 2056
521 5065
521 7050
521 5324
521 1166
521 3855
521 1424
521 594
521 1305
521 2896
521 3940
521 4711
521 1960
521 6378
521 1008
521 6065
521 7159
521 1721
521 7162
521 1020
522 4338
522 771
522 4374
522 4823
522 1533
522 4671
532 1281
532 3042
534 7224
534 1689
534 7339
537 3042
537 6746
537 1282
538 7489
538 5378
538 5892
538 3845
538 6408
538 3210
538 6637
538 6991
538 2193
538 6419
538 7256
538 4676
538 6427
538 6876
538 2017
538 4657
538 5993
538 6770
538 2120
538 4146
538 3128
538 3833
538 6458
538 6207
538 7294
538 1471
542 1531
542 1140
542 3645
544 2510
544 4006
554 4785
556 5020
562 601
562 5058
562 1391
563 4112
563 4549
563 4614
563 793
563 7498
563 1658
563 2510
564 6632
566 6441
566 3851
566 4482
566 5454
566 3181
566 6449
566 4916
566 1077
566 3542
566 2345
566 2975
566 1213
566 7317
569 3904
569 1618
570 6408
570 5790
570 582
573 651
573 5660
573 3507
575 4627
575 5004
575 5303
582 1792
582 5921
582 1636
582 1190
582 4359
582 6408
582 6876
582 3632
582 7294
582 1884
582 4636
582 6207
584 2753
584 6341
584 3374
585 4505
585 6451
585 1734
585 3793
591 7552
591 1635
591 5939
591 3998
591 7031
591 1721
591 2414
594 3136
594 1008
594 6755
594 5832
594 5291
594 2414
594 6575
594 6004
594 1746
594 3075
594 980
594 1721
594 3385
594 2906
598 3382
598 5968
598 2930
598 667
598 1284
598 6180
598 2387
598 2091
598 7534
601 1462
602 2880
602 7105
602 1795
602 3844
602 4581
602 4647
602 6600
602 5129
602 4205
602 7439
602 1585
602 5219
602 3615
604 6004
607 3136
607 5829
607 6529
607 6378
607 5676
607 2896
607 2549
607 7352
607 6969
607 7162
607 1020
610 758
617 5386
617 1355
617 7004
617 2703
621 1665
621 647
623 7123
623 2510
623 1658
623 2892
623 6794
623 3038
623 5453
626 1941
631 2072
631 6832
632 6194
632 5819
632 3615
633 4785
633 4388
633 1941
633 1945
633 2474
633 5811
633 2591
635 2784
635 7588
635 3478
635 2456
635 6330
635 7245
636 4704
636 5610
647 4928
647 2818
647 3715
647 1606
647 1281
647 3400
647 7117
647 4561
647 2259
647 5334
647 1665
647 1945
647 3360
647 4000
647 1316
647 4550
647 4337
647 6568
647 7083
647 5768
647 6514
647 7224
647 1147
651 1680
651 4738
651 7204
651 6293
651 2796
652 2896
652 1954
652 7352
652 4126
653 4429
656 5372
661 1792
661 7489
661 5378
661 4676
661 6408
661 2985
661 1291
661 1262
661 6991
661 4720
661 4657
661 4146
661 3833
661 1471
665 1025
667 3969
667 3382
667 3079
667 777
667 3082
667 5303
667 4428
667 4558
667 5968
667 2387
667 1180
667 6941
667 6341
667 4512
667 2800
667 2939
667 6180
667 1834
667 7534
667 7133
667 6256
667 1907
667 5814
667 6137
667 2747
667 4220
667 6636
667 3582
670 4368
670 6564
670 5878
670 6761
670 1391
675 7089
676 4785
677 1229
679 4153
679 4428
679 5180
680 6316
682 6755
682 3460
682 4054
682 3368
682 1209
682 1610
682 5790
682 1919
684 3891
684 6395
684 724
688 1008
688 4785
688 5876
688 5446
688 4711
688 3231
689 3084
691 6208
691 5728
691 1941
691 3959
691 3355
691 4789
695 7213
708 6914
708 7300
708 1253
708 2754
708 1935
708 2616
708 2873
708 5850
708 1341
708 6293
710 1250
710 1316
710 3935
710 2570
710 4763
710 6619
710 3038
710 7295
712 7365
712 1535
724 3891
726 6746
726 2203
726 5013
726 3431
727 4330
727 5909
733 5137
733 5426
733 6872
733 6954
733 1808
738 7489
738 1636
738 3013
738 6342
738 5081
744 2708
744 6316
744 2742
744 1318
747 4704
747 3683
747 5892
747 2020
747 5610
747 6363
747 3855
749 4611
750 7162
750 2191
750 6419
750 5909
750 1721
750 6378
750 3855
750 5676
750 5277
750 2158
750 1919
758 3360
758 4961
758 1444
758 1701
758 5670
758 7563
758 3042
758 2510
758 2194
758 788
758 5845
758 1304
758 4955
758 1725
758 7090
760 2545
760 3134
760 3855
767 3038
770 1141
771 2145
771 6884
771 1989
771 5587
771 1296
771 4338
771 5715
771 6228
771 1046
771 4823
771 4324
771 6675
771 1637
775 6289
775 3466
775 3077
776 5801
776 2347
776 1025
777 2800
777 3092
777 3237
777 1159
778 6022
778 5285
778 4902
778 2217
778 2511
778 2289
778 1014
778 2458
778 5791
780 6194
780 5691
780 6021
780 4070
782 2414
785 5850
785 7335
785 1276
785 5834
785 5927
786 4448
786 5305
786 5196
786 4341
788 792
788 5497
788 5845
789 2510
790 3314
791 1808
792 4785
792 1622
792 3094
792 1921
792 3130
792 3836
793 4000
793 3042
793 2028
793 1806
793 3853
793 6094
793 2063
793 798
793 1304
793 1658
793 4955
793 7123
793 3038
794 4203
794 3181
794 1791
797 3117
798 4549
798 4614
798 7498
798 2892
798 6925
798 2510
798 6094
798 3224
798 6043
798 5212
798 5342
798 5670
798 4393
798 2028
798 3633
798 1652
798 894
798 1271
798 3768
798 1658
798 1340
798 1725
798 1982
798 895
803 1391
803 4996
803 6382
803 5878
812 7061
822 2892
822 3716
824 7061
824 2510
828 1792
828 3809
828 2985
828 7242
828 2347
828 5454
828 1232
828 4657
828 3632
828 3093
828 2559
828 4636
828 1789
828 4511
833 6537
833 7172
836 3853
841 5319
842 3360
842 5793
842 7273
842 2250
842 3853
842 2510
842 1725
842 5013
842 1785
842 2008
842 953
842 6906
842 7037
842 3038
853 5343
854 4000
854 5510
854 1793
854 2828
854 3853
854 4561
854 5526
854 4122
854 858
854 3038
854 3360
854 3361
854 2787
854 4393
854 3946
854 2349
854 3121
854 1140
854 887
854 4961
858 3042
858 5220
858 2694
858 5510
858 3400
858 2761
858 4034
858 2510
858 3341
858 3121
858 3097
858 3130
858 2203
858 2204
860 4384
860 2062
860 7337
860 6106
860 5131
860 4380
860 1885
860 4437
863 4934
865 4785
865 2180
865 6454
865 7129
865 6685
865 4783
868 3546
868 4310
869 6283
869 7549
875 5065
875 1610
875 2158
875 1255
876 3440
876 6065
876 1842
876 4087
876 7352
876 1610
876 1166
877 6978
877 2341
878 2072
879 7073
879 2947
879 3781
879 2289
879 905
879 6538
879 1297
879 1107
879 4214
879 3096
879 4474
879 1407
879 7338
879 7551
886 2510
886 3269
886 5510
887 1664
887 1665
887 1995
887 4549
887 1798
887 3400
887 4554
887 7563
887 7437
887 7123
887 5526
887 3352
887 4122
887 1793
887 3038
887 3360
887 4000
887 3042
887 7339
887 5168
887 7090
887 2078
887 7224
887 1658
887 1141
894 4000
894 6614
894 2892
894 4622
894 1359
894 3157
894 5526
894 2008
894 3420
894 5597
894 3269
894 3360
894 3361
894 3042
894 3747
894 1566
894 7339
894 5168
894 6003
894 3038
894 7224
894 3706
894 3836
894 4350
894 4309
895 6465
895 2510
895 2028
895 7421
895 2063
898 5796
898 6441
898 2893
898 5454
898 1903
898 6449
898 5268
898 4149
898 984
898 5243
898 1213
899 5020
900 6656
900 5526
900 2158
900 3400
900 2233
900 5421
900 2814
900 7421
901 1683
904 7232
904 2145
904 4324
904 936
904 2217
904 2794
904 6515
904 4304
904 2605
904 1872
904 6512
904 4338
904 5203
904 3446
904 6729
904 1107
905 1395
910 5927
913 7172
917 6194
917 1470
924 6891
925 4720
925 3000
925 5314
925 4020
925 5892
925 3833
925 7256
925 5993
925 3210
925 4842
925 6148
929 4785
929 5865
929 2474
929 6519
929 3514
929 4506
935 6408
935 1121
935 3181
935 5454
936 7232
936 1859
936 4214
936 6538
936 1872
936 5203
936 4324
936 4304
936 2217
936 2794
936 1107
936 2605
936 1200
936 1137
936 4338
936 6515
936 1844
936 3446
936 7551
939 4785
943 1107
945 1133
945 1892
945 2120
945 6282
945 3855
945 5610
945 2831
948 4457
953 1701
953 4549
953 7463
953 3977
953 2807
953 2204
953 1663
953 2197
955 4256
955 2145
955 5283
955 6884
955 1317
955 6887
955 4235
955 2472
955 5781
955 4246
955 2040
955 6475
955 6747
955 2045
956 6417
956 1107
956 7054
960 4000
960 4785
960 2818
960 5011
960 3556
960 5829
960 1651
960 6519
960 1689
960 4506
960 2591
962 2691
962 6941
968 3822
968 4995
968 1406
968 3507
968 1486
968 3845
973 1680
973 1121
973 1357
974 1328
978 6474
978 5181
979 2983
980 1721
980 2442
980 1022
980 1424
980 5939
980 6709
980 7031
980 3385
980 3998
984 1795
984 6341
984 5608
984 1897
984 4178
990 2408
990 7129
1003 2707
1003 4925
1008 3204
1008 6858
1008 5577
1008 7050
1008 3404
1008 1166
1008 2896
1008 3155
1008 3606
1008 6969
1008 7581
1008 4126
1008 3430
1008 4330
1008 5676
1008 1746
1008 3312
1008 5876
1008 7369
1008 7352
1008 1721
1008 7162
1008 6378
1010 7248
1010 4341
1010 2654
1014 5791
1014 4474
1014 2511
1020 1569
1020 3845
1020 5224
1020 7374
1020 6733
1020 3440
1020 6065
1020 2195
1020 1166
1020 7352
1025 7552
1025 1454
1025 2007
1025 5324
1025 2738
1025 2158
1025 3855
1025 2896
1025 3602
1025 2036
1025 3822
1025 4887
1025 7352
1025 7162
1025 2319
1025 7388
1025 5053
1025 2191
1027 1665
1027 1945
1027 5721
1027 5334
1027 3937
1030 5933
1040 3683
1040 2020
1040 3822
1040 3855
1041 5056
1041 6026
1041 7035
1041 5933
1041 2142
1046 5587
1046 4671
1060 3057
1060 3314
1060 2510
1068 4785
1068 3880
1068 3281
1068 7499
1068 1671
1068 7473
1068 4531
1068 2707
1068 1622
1068 6519
1068 3130
1068 6330
1071 5083
1075 1689
1075 5475
1077 2291
1077 4916
1077 1243
1084 2318
1084 4852
1084 7301
1084 1382
1084 2341
1086 5159
1091 6495
1093 6352
1093 6593
1093 2036
1093 6709
1093 7015
1093 5277
1094 3986
1094 1204
1096 6741
1107 6528
1107 6592
1107 3951
1107 6538
1107 2572
1107 4621
1107 5838
1107 6417
1107 2947
1107 7054
1107 1751
1107 4324
1107 2458
1107 4189
1107 1407
1107 5285
1107 2289
1107 7592
1107 2217
1107 2794
1107 1297
1107 1137
1107 1844
1107 4214
1107 1327
1107 1275
1107 7338
1107 1278
1107 7551
1109 7601
1109 4098
1109 6477
1109 2761
1110 4384
1110 1795
1114 3042
1114 7498
1114 3147
1114 3468
1114 3038
1114 1999
1115 5200
1115 4785
1115 2474
1115 6860
1116 6969
1121 5467
1125 7498
1125 2707
1125 7339
1133 5236
1133 6637
1133 5610
1133 6282
1133 3855
1133 5277
1133 1758
1133 6845
1135 1328
1135 3472
1135 5048
1135 4702
1135 4925
1137 2947
1137 7172
1137 3781
1137 6022
1137 6538
1137 5838
1137 2511
1137 1297
1137 3474
1137 2458
1137 7045
1137 2145
1137 2217
1137 3181
1137 1327
1137 1200
1137 2289
1137 1786
1137 7338
1137 7551
1139 6690
1140 3747
1140 6678
1140 4523
1140 2892
1140 3645
1140 1531
1141 5793
1141 3853
1141 3391
1141 2892
1141 7437
1141 3038
1141 7503
1147 1665
1147 5334
1147 4561
1147 2616
1147 2286
1159 6404
1159 2691
1159 1180
1163 4053
1163 4975
1164 2992
1164 7248
1164 1521
1164 2216
1164 3321
1164 1338
1164 2111
1166 6661
1166 5065
1166 1610
1166 6733
1166 6574
1166 6065
1166 1842
1166 6964
1166 4330
1166 2938
1166 6858
1166 3231
1167 4632
1167 4607
1178 5489
1178 3130
1179 2289
1179 1751
1179 7592
1179 6538
1179 1275
1179 2234
1180 3969
1180 1795
1180 7365
1180 5825
1180 4937
1180 3403
1180 4428
1180 5968
1180 6611
1180 6180
1180 6941
1180 4705
1180 2660
1180 3237
1180 3079
1180 7534
1180 2800
1180 4154
1180 6795
1180 7546
1180 3582
1181 1271
1187 1704
1187 4009
1187 4194
1187 6350
1190 4842
1190 4583
1190 4359
1192 3027
1192 2901
1197 3736
1197 2510
1200 6022
1200 1297
1200 2217
1200 6538
1201 6025
1201 6685
1201 6759
1205 3906
1205 1213
1205 1462
1206 4204
1207 1665
1207 5218
1207 4785
1207 4456
1207 1559
1207 5963
1207 6013
1207 5593
1207 4561
1207 5650
1207 5501
1207 5334
1207 6519
1207 1945
1207 5335
1207 2591
1209 6593
1209 3460
1209 1610
1210 7011
1210 5461
1210 6805
1213 4916
1213 5268
1216 3520
1216 4587
1216 2060
1216 6925
1216 1328
1216 2993
1216 2194
1216 2707
1216 3862
1216 4632
1216 7036
1216 4925
1224 2289
1224 4621
1229 4009
1229 6714
1229 7255
1229 2783
1232 3632
1232 5314
1232 6852
1232 2985
1232 6458
1232 3833
1232 6876
1232 6207
1233 3622
1233 7224
1233 1500
1233 2955
1233 5710
1233 7352
1233 4785
1233 4309
1233 6519
1233 1496
1233 3515
1233 3612
1233 2591
1237 6696
1237 4139
1237 6495
1242 6186
1243 2291
1243 2062
1245 2142
1247 2887
1249 1897
1249 1834
1249 6907
1249 4937
1250 3906
1250 3713
1250 3084
1250 6878
1250 2812
1250 7295
1253 6675
1253 5461
1253 7300
1255 4112
1255 1610
1255 4711
1255 5277
1257 7549
1258 2560
1258 6865
1258 5650
1258 2707
1258 2180
1258 3509
1258 5724
1258 2591
1262 1792
1262 4511
1262 5993
1262 3210
1262 3833
1262 5454
1262 4720
1262 4657
1262 4146
1262 4916
1262 6480
1262 7256
1262 6427
1262 3786
1262 1471
1269 3084
1270 6124
1271 1665
1271 5579
1271 4614
1271 3361
1271 2313
1271 4554
1271 7563
1271 2892
1271 3853
1271 2510
1271 5200
1271 4561
1271 7123
1271 4309
1271 5015
1271 3038
1271 6490
1271 4188
1271 5210
1271 3360
1271 4961
1271 3042
1271 1316
1271 4000
1271 4337
1271 3228
1271 1642
1271 2028
1271 7090
1271 3603
1271 4785
1271 3826
1271 2707
1271 6787
1271 5168
1271 7224
1271 7498
1271 1281
1275 6528
1275 7333
1275 6022
1275 2289
1275 7592
1275 1756
1275 2572
1275 5454
1275 3951
1275 1297
1275 1751
1275 3096
1275 2234
1275 5020
1275 3304
1275 5285
1278 5060
1281 1665
1281 4000
1281 4549
1281 3400
1281 7498
1281 2892
1281 3341
1281 1806
1281 4561
1281 6419
1281 7224
1281 2204
1281 3360
1281 3042
1281 2787
1281 4393
1281 2097
1281 6003
1281 7608
1281 4554
1282 1616
1282 4386
1284 3575
1284 1492
1284 5303
1284 7128
1284 1551
1284 7279
1286 4988
1291 4720
1291 1520
1291 5314
1291 6427
1291 5029
1291 2017
1291 4657
1291 3833
1291 6991
1291 1792
1294 6941
1296 6884
1296 6009
1296 1533
1296 2430
1296 4671
1297 6528
1297 2289
1297 2217
1297 6538
1297 1327
1297 1407
1304 4961
1304 1444
1304 1701
1304 2204
1304 1806
1304 3503
1304 2194
1304 7123
1304 2197
1304 1658
1304 4955
1304 5212
1304 1725
1305 5446
1305 5832
1305 3855
1305 2896
1305 7352
1305 3158
1305 1721
1305 4704
1305 3430
1305 6378
1305 2414
1305 3247
1305 5876
1305 6709
1305 6964
1305 2424
1305 6969
1305 7162
1305 5820
1305 6845
1306 5210
1306 3130
1306 5454
1306 3431
1316 4000
1316 4034
1316 6851
1316 5526
1316 1665
1316 3400
1316 5324
1316 2570
1316 1995
1316 2892
1316 3341
1316 4561
1316 6787
1316 2901
1316 5334
1316 6756
1316 4763
1316 1373
1316 3360
1316 2912
1316 5218
1316 7268
1316 5168
1316 3826
1316 3653
1316 6519
1316 4747
1316 4990
1317 2289
1317 4235
1317 3956
1317 4246
1317 2234
1317 6747
1319 7472
1319 4632
1319 2707
1319 3495
1319 7464
1319 1642
1319 6925
1319 2318
1326 4208
1326 4243
1326 6222
1326 3430
1326 2424
1326 2191
1326 2158
1326 1919
1327 6528
1327 2947
1327 3781
1327 7054
1327 4983
1327 3928
1327 2458
1327 1407
1327 7551
1328 3520
1328 3779
1328 5065
1328 1523
1328 3472
1328 7097
1328 2194
1328 2707
1328 2814
1328 4663
1328 3097
1328 4925
1328 4702
1335 4671
1335 4621
1335 5791
1336 4611
1338 2992
1338 1521
1338 3321
1338 2216
1340 3224
1340 2510
1340 5670
1340 2008
1340 3269
1341 1616
1341 7061
1341 6759
1354 4785
1354 3986
1354 3715
1354 5011
1354 6429
1355 6256
1355 2244
1355 5191
1355 4564
1355 5386
1355 5771
1355 7101
1355 6447
1356 1444
1357 3959
1359 4955
1362 1795
1362 1734
1373 1689
1375 4785
1377 3725
1382 1519
1382 3159
1385 4063
1391 2049
1391 6564
1391 3109
1391 5386
1391 6382
1391 5268
1391 4149
1391 5878
1391 4028
1391 4255
1405 6022
1406 7459
1406 5137
1407 6528
1407 7338
1407 6538
1407 2458
1416 2912
1416 4542
1423 6459
1423 3153
1424 3424
1424 2738
1424 6709
1424 4088
1424 6378
1424 5676
1424 7162
1426 2695
1426 6153
1426 6957
1426 3373
1429 6408
1429 4683
1429 6637
1429 6991
1431 5676
1441 3038
1441 5510
1441 3711
1444 4000
1444 3653
1444 2892
1444 2510
1444 5328
1444 2194
1444 7123
1444 4309
1444 4955
1444 2204
1444 5597
1444 3360
1444 5985
1444 3042
1444 3747
1444 1701
1444 5212
1444 7339
1444 1658
1444 1725
1444 2197
1450 2272
1450 4785
1450 2707
1450 7301
1450 7302
1450 5099
1451 4785
1451 6183
1454 2191
1454 2007
1455 3360
1455 6794
1455 5670
1455 1528
1455 2761
1455 7498
1455 7339
1455 3706
1455 2510
1458 1835
1458 4718
1461 3909
1462 6502
1462 5377
1462 2020
1462 5814
1462 1834
1462 2800
1462 3382
1462 1769
1462 6137
1462 5498
1462 2387
1462 3082
1463 1528
1470 5465
1470 6194
1470 2502
1471 5314
1471 5892
1471 6134
1471 6408
1471 4237
1471 6419
1471 7256
1471 6852
1471 6427
1471 2972
1471 6202
1471 4720
1471 4657
1471 4146
1471 5430
1471 6967
1471 3128
1471 3833
1471 6458
1471 7294
1473 4705
1483 7162
1484 4940
1484 6254
1485 7300
1485 7447
1486 1792
1486 6337
1486 5446
1486 7015
1486 5065
1486 1610
1486 6251
1486 3822
1486 3247
1486 5909
1486 2424
1486 7162
1486 5277
1486 1919
1492 5303
1492 7128
1492 7279
1495 7527
1495 4682
1495 5319
1496 2060
1496 1642
1496 6860
1496 3853
1496 4527
1496 2707
1496 5461
1496 1622
1496 6519
1496 2237
1496 2841
1496 6621
1496 4607
1496 5011
1496 2941
1496 1941
1500 4785
1500 4309
1500 5159
1500 2591
1500 1519
1513 4338
1519 5313
1519 5159
1519 7464
1519 5099
1519 4718
1519 5200
1519 2408
1519 2707
1519 4632
1519 3130
1519 3837
1519 1599
1520 1792
1520 3845
1520 6408
1520 5029
1520 6991
1521 3744
1521 3552
1521 2216
1521 2992
1521 3321
1521 2372
1523 4663
1526 2754
1526 5319
1528 5189
1530 6407
1531 1665
1531 4804
1531 2694
1531 5510
1531 2887
1531 4523
1531 5170
1531 3038
1531 6678
1531 3645
1531 3679
1533 6212
1533 1989
1533 6887
1533 4338
1533 3956
1533 5781
1533 4374
1533 2040
1533 3837
1533 5918
1533 4671
1535 3569
1535 3325
1535 1734
1536 1792
1536 4865
1536 1636
1536 5430
1536 6876
1536 3632
1536 5235
1536 6070
1536 1624
1536 7044
1536 7162
1536 4636
1536 4701
1536 3006
1536 6207
1539 6256
1539 6209
1539 2244
1539 7534
1539 3759
1544 7266
1544 3107
1544 6837
1544 7129
1544 6873
1544 6364
1544 6748
1548 3994
1548 1762
1550 6330
1551 5138
1551 6283
1551 5303
1551 5004
1551 4699
1551 2380
1551 7279
1556 2510
1559 2305
1559 6519
1559 1606
1559 6087
1559 5963
1559 4561
1559 2707
1559 5141
1559 5334
1559 6487
1559 1945
1559 3612
1559 3130
1559 5335
1559 2591
1559 2912
1559 1921
1559 3107
1559 4456
1559 3946
1559 4785
1559 5343
1559 6997
1564 2414
1568 7200
1568 6705
1568 3725
1568 3679
1569 1954
1569 7374
1572 6755
1573 2244
1581 7504
1585 2235
1585 6901
1585 5607
1589 3856
1589 3353
1591 3548
1596 6197
1598 6642
1598 2020
1598 5610
1598 3855
1598 5277
1598 3822
1598 7469
1599 2272
1599 3520
1599 4453
1599 7464
1599 1642
1599 6860
1599 2318
1599 4808
1599 2194
1599 2707
1599 4852
1599 4632
1599 4506
1599 3483
1601 1865
1601 1634
1601 7285
1601 5461
1605 3231
1606 6081
1606 6519
1606 6597
1606 3272
1606 5963
1606 2305
1606 2941
1606 5334
1606 1665
1606 1945
1606 3612
1606 4506
1606 2591
1607 6611
1610 1792
1610 2243
1610 3460
1610 7046
1610 5065
1610 3855
1610 6755
1610 4054
1610 3097
1610 3164
1610 5790
1610 5215
1610 5921
1610 1635
1610 7015
1610 3368
1610 3312
1610 7352
1610 7162
1610 4330
1610 6207
1614 2880
1614 4611
1614 6008
1614 1727
1614 3325
1616 2366
1616 5454
1618 7044
1618 6342
1618 6537
1618 3210
1618 7501
1618 5454
1618 1622
1618 2841
1618 4321
1618 4785
1618 3890
1618 6197
1618 6139
1618 2366
1618 4607
1622 1671
1622 3986
1622 4527
1622 4785
1622 2707
1622 1941
1622 5724
1622 2366
1622 5343
1624 1792
1624 4865
1624 5430
1624 6070
1624 6566
1624 2347
1624 5454
1624 3632
1624 6293
1624 4438
1624 6207
1624 4701
1624 4511
1629 2993
1629 7266
1629 6519
1629 1945
1629 5343
1629 6621
1629 4527
1631 4632
1631 4453
1634 5461
1634 6805
1635 3234
1635 6411
1635 2056
1635 3855
1635 5277
1636 2721
1636 6852
1636 5993
1636 3371
1636 5454
1636 3632
1636 3093
1636 3128
1636 3833
1636 6458
1636 6876
1636 6207
1637 1872
1637 4592
1637 4338
1637 4324
1637 5020
1640 4000
1640 1945
1642 1793
1642 7492
1642 7301
1642 4999
1642 4554
1642 4337
1642 6860
1642 6925
1642 3853
1642 4632
1642 1941
1642 4119
1642 3972
1642 6621
1642 2591
1642 4000
1642 4453
1642 7464
1642 2474
1642 3495
1642 2341
1642 4783
1642 4785
1642 6519
1642 7608
1642 5159
1642 3679
1642 4925
1642 4607
1651 3105
1651 5709
1651 4785
1651 2259
1651 5044
1651 1941
1651 3030
1651 6519
1651 1945
1651 3130
1651 4607
1652 2510
1652 3853
1654 3520
1654 4527
1658 4000
1658 3269
1658 2956
1658 7498
1658 6807
1658 2892
1658 6925
1658 1806
1658 3352
1658 2510
1658 5526
1658 4119
1658 4122
1658 6043
1658 3038
1658 3360
1658 3361
1658 3042
1658 5220
1658 7447
1658 3946
1658 5168
1658 6705
1658 6838
1658 4961
1663 5212
1663 2761
1663 3400
1663 2204
1663 3341
1663 2510
1664 4034
1665 4608
1665 1921
1665 5768
1665 3853
1665 1945
1665 1689
1665 6682
1665 2715
1665 3612
1665 2591
1665 3360
1665 5979
1665 4550
1665 7083
1665 6445
1665 4785
1665 6838
1665 7224
1665 5307
1665 2623
1665 4928
1665 2507
1665 3653
1665 3400
1665 6860
1665 5963
1665 2892
1665 2509
1665 6094
1665 3341
1665 4561
1665 5334
1665 3162
1665 2912
1665 5218
1665 6883
1665 5606
1665 2616
1665 4456
1665 3946
1665 3824
1665 4337
1665 3826
1665 4350
1665 6519
1665 4151
1665 5579
1665 4990
1666 2807
1667 3224
1667 6906
1667 6621
1669 3916
1671 1921
1671 7170
1671 5159
1671 2862
1671 4527
1671 7472
1671 4785
1671 3986
1671 1941
1671 4986
1671 6621
1671 4309
1680 2802
1686 2321
1686 6490
1689 2818
1689 7574
1689 6794
1689 1808
1689 4247
1689 6682
1689 4000
1689 7339
1689 6445
1689 2608
1689 7089
1689 4915
1689 4151
1689 2623
1689 5052
1689 2110
1689 1781
1689 3360
1689 3653
1689 3937
1689 1995
1689 2509
1689 3341
1689 4561
1689 4183
1689 4440
1689 3935
1689 5985
1689 3555
1689 3046
1689 4456
1689 3826
1689 5236
1689 6261
1689 6463
1689 3836
1691 6022
1691 7335
1691 6186
1691 1927
1691 5005
1691 2289
1691 5293
1691 3006
1691 4543
1692 6591
1693 4934
1693 5065
1693 5610
1693 3757
1693 2414
1693 6352
1693 1746
1693 5876
1693 3822
1693 3158
1693 1721
1693 7162
1693 6266
1693 5215
1694 4872
1694 7314
1694 5436
1694 4002
1697 6022
1701 6094
1701 3503
1701 3633
1701 2194
1701 3224
1701 4955
1701 2204
1701 1725
1704 3011
1704 6350
1704 4009
1711 7090
1711 4038
1711 5306
1711 2204
1711 5210
1711 5342
1717 2298
1717 5058
1719 3272
1719 4102
1721 3075
1721 5892
1721 2056
1721 2191
1721 3855
1721 5520
1721 3822
1721 3204
1721 6575
1721 7581
1721 3998
1721 4720
1721 1960
1721 5676
1721 6065
1721 5939
1721 6709
1721 7352
1721 6329
1721 5790
1721 5577
1721 5324
1721 6352
1721 2424
1721 6357
1721 3158
1721 2007
1721 5215
1721 4704
1721 3430
1721 6378
1721 5277
1721 1746
1721 5876
1721 6903
1721 4088
1721 4330
1721 7162
1721 5610
1723 6537
1723 4326
1725 2892
1725 2510
1725 5328
1725 2194
1725 7123
1725 2197
1725 6043
1725 2204
1725 5342
1725 3042
1725 4955
1725 5212
1725 3503
1725 3633
1725 2707
1725 4664
1725 2250
1725 1982
1727 3793
1727 5605
1730 7498
1734 7008
1734 7153
1734 6564
1734 2245
1734 3793
1734 2613
1734 3182
1734 5585
1734 6451
1734 5268
1734 4149
1734 4249
1734 4505
1734 3325
1734 7550
1739 4785
1739 3653
1739 3622
1744 7090
1744 2510
1746 3136
1746 3158
1746 2007
1746 5610
1746 6300
1746 2414
1751 2289
1751 3304
1751 3951
1754 4744
1755 4886
1756 6022
1756 3432
1756 6390
1758 6134
1759 2993
1761 4256
1761 3152
1761 2145
1761 6887
1761 7213
1761 4623
1761 3250
1761 5203
1761 4246
1761 2968
1761 6495
1762 4356
1763 4705
1763 1795
1763 6021
1763 4070
1763 6970
1763 2059
1763 4154
1769 5184
1769 6795
1769 7340
1770 5520
1770 3296
1770 6004
1770 5815
1770 6378
1770 7162
1770 2414
1772 4785
1772 6860
1775 1995
1781 5493
1781 2646
1785 4112
1785 3934
1786 5722
1786 7045
1786 2217
1786 2458
1786 4906
1786 7551
1789 1792
1789 3809
1789 4451
1789 5956
1789 2347
1789 4657
1789 4636
1789 4359
1789 2576
1789 2385
1789 5892
1789 6427
1792 2347
1792 5892
1792 3845
1792 3847
1792 6408
1792 3083
1792 6412
1792 6458
1792 3855
1792 2832
1792 2836
1792 3138
1792 3994
1792 2991
1792 4636
1792 5921
1792 5790
1792 4720
1792 2017
1792 4657
1792 2985
1792 4359
1792 3632
1792 4146
1792 1950
1792 7350
1792 6967
1792 3128
1792 3129
1792 3507
1792 4511
1792 3006
1792 6207
1792 7489
1792 5314
1792 5956
1792 4193
1792 3786
1792 5454
1792 6991
1792 2385
1792 2576
1792 7256
1792 6876
1792 3856
1792 6427
1792 3809
1792 4451
1792 5993
1792 4842
1792 3181
1792 3822
1792 2424
1792 3833
1792 7162
1792 5243
1792 3093
1793 1921
1793 2818
1793 3715
1793 6597
1793 4999
1793 2955
1793 5710
1793 1941
1793 1943
1793 3038
1793 2912
1793 4388
1793 6693
1793 3366
1793 3622
1793 2349
1793 6519
1793 4785
1793 5159
1793 7563
1795 3969
1795 4482
1795 3843
1795 5131
1795 4546
1795 4369
1795 4933
1795 5153
1795 6564
1795 2827
1795 1834
1795 3373
1795 3891
1795 5304
1795 5562
1795 4159
1795 2880
1795 3906
1795 2059
1795 4805
1795 4705
1795 4428
1795 5968
1795 2777
1795 7133
1795 5470
1795 2785
1795 6341
1795 4457
1795 3181
1795 5103
1795 4336
1795 5361
1795 3570
1795 7543
1795 3322
1798 5670
1798 6838
1798 2263
1798 3224
1798 4955
1798 2892
1798 2510
1801 6197
1801 6519
1801 6459
1801 2341
1801 6013
1801 2591
1803 2881
1803 6194
1803 4297
1806 3360
1806 4000
1806 3042
1806 5220
1806 3269
1806 5526
1806 4393
1806 4554
1806 2028
1806 3853
1806 2510
1806 7123
1806 6838
1806 4119
1806 7224
1806 4955
1806 3038
1808 4000
1808 3555
1808 4804
1808 6759
1808 5799
1808 7117
1808 7224
1808 4575
1809 5656
1809 4527
1810 4785
1811 4785
1811 5710
1816 1897
1819 6441
1825 2590
1827 2512
1827 6928
1834 6180
1834 7340
1834 4937
1834 7279
1834 7022
1834 3382
1834 5303
1834 2660
1834 4154
1834 2747
1835 6944
1835 6656
1835 5896
1835 7245
1835 4718
1835 5300
1835 6484
1835 6459
1835 4029
1842 3440
1842 3266
1842 7189
1842 6566
1842 4087
1842 6027
1842 5662
1844 6528
1844 2289
1844 4324
1844 2217
1844 6538
1844 2947
1844 7551
1859 6528
1859 4256
1859 4324
1859 1873
1859 6729
1859 1872
1859 4338
1859 5715
1859 6468
1859 6138
1859 5567
1865 7285
1865 5461
1867 4456
1869 4304
1872 7232
1872 2145
1872 4324
1872 2217
1872 2794
1872 2882
1872 4304
1872 4338
1872 6515
1872 3446
1872 6729
1873 5203
1873 2853
1873 7195
1873 2430
1873 2943
1880 5281
1880 4796
1880 6887
1884 4583
1884 2158
1884 4359
1885 6830
1885 5798
1888 5060
1888 3084
1889 2028
1889 7421
1892 2056
1892 6282
1892 2831
1894 7552
1894 6876
1894 5956
1897 6275
1897 7365
1897 7148
1897 4879
1897 2128
1897 3861
1897 4250
1897 4229
1897 6341
1897 5349
1897 6502
1897 7535
1897 3186
1897 6772
1897 6775
1897 5498
1897 5372
1903 4705
1903 5042
1903 3749
1904 3520
1904 2664
1904 5461
1907 2800
1907 5922
1907 6180
1907 5814
1907 6941
1912 4744
1912 4705
1916 4146
1917 5960
1917 3908
1917 2023
1918 5398
1919 4704
1919 2424
1919 3460
1919 2120
1919 2158
1919 5909
1921 3520
1921 6597
1921 2056
1921 5335
1921 2259
1921 1941
1921 1945
1921 3355
1921 6621
1921 5091
1921 6373
1921 4061
1921 4527
1921 2075
1921 6519
1921 2366
1922 7096
1922 6186
1922 5036
1923 4558
1925 3360
1925 3361
1925 6514
1925 6787
1925 5526
1925 4247
1925 7224
1925 6794
1925 4955
1925 3836
1925 3038
1926 7248
1927 6186
1932 5474
1932 3943
1932 4232
1932 7479
1932 4593
1932 7090
1932 2707
1932 6677
1932 5159
1932 6459
1935 2193
1938 4368
1938 6564
1938 4168
1939 6775
1941 6144
1941 3715
1941 6583
1941 6470
1941 3400
1941 6860
1941 2507
1941 2892
1941 5966
1941 4632
1941 3779
1941 5335
1941 1945
1941 3162
1941 6621
1941 5343
1941 2259
1941 2341
1941 2349
1941 4783
1941 4785
1941 2707
1941 4999
1941 6519
1941 2185
1941 3773
1941 4607
1943 4785
1943 4388
1943 4453
1943 3622
1943 2591
1943 2349
1943 2125
1943 4527
1945 6788
1945 2259
1945 2056
1945 2955
1945 3341
1945 3715
1945 2707
1945 4506
1945 3355
1945 2591
1945 4000
1945 2912
1945 4785
1945 7083
1945 2349
1945 3400
1945 4532
1945 3509
1945 1975
1945 5419
1945 3360
1945 2507
1945 3653
1945 4296
1945 5963
1945 7245
1945 5710
1945 3151
1945 2256
1945 7224
1945 5334
1945 5335
1945 5721
1945 3937
1945 5218
1945 4561
1945 4456
1945 2305
1945 7535
1945 4593
1945 6519
1945 2941
1950 2017
1950 6991
1951 5807
1954 6065
1954 5065
1954 7162
1954 3757
1954 7374
1955 4633
1955 4855
1960 4704
1960 3136
1960 5446
1960 3430
1960 5832
1960 6378
1960 5876
1960 7350
1960 5815
1960 2424
1960 5610
1960 5247
1965 4785
1975 3130
1975 2259
1975 5710
1975 6487
1980 4785
1980 6519
1980 2456
1980 5593
1980 6487
1980 5401
1980 5335
1982 4449
1982 3747
1982 2510
1982 3768
1982 7289
1982 6906
1982 6043
1982 2892
1982 3853
1985 5377
1985 5042
1985 6362
1985 2983
1988 3162
1989 4338
1989 5715
1989 6884
1989 3048
1989 4671
1989 6253
1993 5335
1995 2787
1995 2510
1995 3255
1995 2892
1995 3038
1999 4955
1999 2517
1999 4393
1999 7563
1999 2204
1999 4554
2002 6310
2003 3158
2007 3998
2008 3360
2008 3269
2008 5670
2008 2761
2008 7339
2008 3468
2008 2350
2008 3224
2008 2197
2008 3768
2008 5049
2008 2510
2008 5597
2017 7489
2017 5378
2017 3845
2017 6408
2017 3786
2017 5314
2017 5454
2017 6991
2017 4657
2017 6770
2017 3833
2017 6202
2017 6876
2020 5324
2020 3855
2020 3031
2020 7193
2020 4126
2020 2832
2020 2659
2020 7015
2020 5610
2020 7469
2020 3822
2020 4146
2020 6329
2020 7162
2020 2299
2020 6463
2023 6769
2023 6355
2023 6903
2023 2622
2025 4384
2026 2761
2026 3162
2026 7339
2026 2892
2026 2510
2028 4961
2028 7421
2028 3945
2028 7498
2028 3853
2028 2063
2028 5200
2028 6097
2028 7123
2028 6094
2028 3038
2034 4763
2034 3038
2034 5510
2034 4063
2036 3040
2036 2659
2036 3430
2036 7015
2036 2158
2036 3822
2036 3855
2036 2832
2036 5909
2036 7162
2036 5277
2036 4126
2040 4246
2040 6887
2040 3096
2040 2045
2040 5471
2045 2145
2045 6887
2045 4235
2045 4623
2045 5781
2045 4246
2045 3096
2045 2289
2045 4796
2045 5918
2046 5060
2049 5268
2049 3276
2050 3170
2050 7170
2052 6384
2052 2827
2053 4886
2053 3615
2056 6208
2056 3845
2056 5446
2056 2120
2056 6282
2056 6411
2056 2195
2056 4309
2056 6299
2056 5277
2056 5215
2056 5728
2056 3234
2056 4934
2056 6378
2056 3822
2056 6845
2056 5236
2056 7352
2056 5610
2059 4705
2059 6021
2060 2993
2060 4852
2060 4785
2060 3044
2060 3752
2060 4607
2061 3833
2061 6427
2061 4676
2061 6991
2062 3344
2063 6465
2067 3587
2067 3527
2068 5858
2068 5268
2072 3360
2072 2097
2072 6794
2072 7339
2075 4785
2075 5044
2078 4000
2078 3705
2078 3038
2087 4785
2087 2237
2091 4336
2091 5377
2091 2930
2091 2691
2091 2304
2091 7153
2091 3582
2091 7534
2099 4785
2099 6330
2099 4453
2099 5526
2105 6834
2105 7213
2110 7339
2111 7248
2114 6407
2115 5461
2120 4243
2120 5610
2125 4785
2125 5860
2126 4512
2126 4173
2128 7314
2128 4996
2128 6341
2128 4879
2138 6759
2138 5933
2142 5056
2142 6528
2142 7172
2142 2217
2142 6026
2142 2289
2142 5234
2142 2234
2142 4005
2145 6022
2145 4235
2145 4236
2145 3536
2145 4246
2145 3096
2145 5918
2145 6495
2145 6887
2145 7213
2145 4338
2156 3084
2156 4671
2158 3855
2158 2832
2158 5909
2158 6266
2158 5224
2158 7402
2158 3312
2158 7162
2158 7352
2158 3130
2158 5053
2158 6207
2167 5807
2172 3615
2180 4785
2180 6276
2185 4785
2185 7036
2190 7273
2190 7135
2191 4704
2191 6593
2191 5676
2191 7581
2191 6352
2191 7352
2191 6709
2191 3158
2191 5815
2191 2424
2191 7162
2191 2906
2193 7489
2193 5378
2193 6408
2193 4146
2193 6991
2193 4657
2193 6770
2193 6202
2193 6637
2193 5565
2194 3520
2194 3853
2194 2707
2194 2197
2194 4632
2194 4955
2194 2204
2194 3938
2194 3495
2194 7464
2194 3605
2194 3633
2194 4925
2195 3136
2195 3424
2195 3462
2195 5676
2195 3855
2195 6529
2195 3640
2195 5461
2195 7352
2195 5053
2197 5985
2197 6280
2197 2204
2197 4554
2197 2892
2197 3853
2197 2510
2197 3503
2197 3633
2197 5526
2197 3224
2197 5212
2197 5342
2197 7090
2204 5526
2204 4554
2204 2892
2204 3853
2204 5453
2204 3990
2204 5212
2204 5342
2204 4961
2204 3503
2204 5168
2204 4309
2216 3744
2216 7248
2216 2372
2216 2992
2216 3552
2216 3321
2216 5305
2216 2654
2217 6528
2217 3781
2217 6022
2217 6216
2217 4906
2217 2511
2217 4474
2217 2234
2217 5722
2217 2458
2217 5791
2217 4304
2217 5285
2217 2289
2217 6515
2217 3446
2217 2794
2218 4356
2220 5607
2222 3520
2222 4785
2222 5343
2230 6350
2232 4368
2232 4060
2232 6564
2232 4260
2232 3548
2232 4397
2232 5887
2233 3715
2233 3335
2233 6280
2233 7339
2233 4204
2233 3853
2233 3760
2233 4785
2233 2707
2233 6621
2233 2591
2234 7333
2234 7592
2234 4746
2234 4621
2234 3951
2234 2289
2234 3096
2234 7551
2235 6441
2237 2707
2244 4512
2244 2502
2244 5051
2244 7534
2244 3759
2248 5314
2248 3430
2249 6096
2249 5475
2249 7246
2252 2456
2252 3912
2253 6328
2256 5104
2256 3653
2259 4928
2259 3715
2259 6597
2259 3400
2259 7245
2259 5710
2259 4561
2259 2707
2259 5334
2259 5979
2259 3612
2259 6621
2259 5343
2259 5218
2259 2513
2259 6568
2259 2955
2259 3760
2259 4785
2259 4340
2259 6519
2259 6330
2259 2591
2263 2510
2263 7498
2263 6838
2272 3520
2272 4309
2272 6166
2274 5377
2274 5131
2274 4260
2277 4392
2277 6186
2277 4543
2278 3845
2279 5628
2279 7549
2287 5986
2289 6528
2289 2947
2289 7045
2289 6022
2289 4235
2289 2572
2289 2458
2289 3486
2289 5791
2289 7335
2289 7592
2289 7338
2289 5293
2289 7229
2289 6592
2289 2882
2289 6468
2289 3909
2289 5834
2289 2511
2289 3536
2289 5715
2289 7255
2289 3928
2289 5285
2289 3816
2289 3304
2289 3951
2289 4338
2289 3956
2289 7542
2289 4906
2296 6914
2298 5298
2298 6694
2298 5529
2298 7534
2299 3296
2299 4146
2299 4934
2299 5065
2299 6411
2299 3822
2299 3855
2299 7317
2299 3437
2299 5277
2301 6475
2301 4235
2301 4246
2301 6887
2305 5334
2305 3187
2305 6597
2305 7224
2305 6519
2305 2349
2305 5343
2311 7248
2313 3912
2313 5343
2313 3340
2317 4006
2317 3725
2317 5670
2317 3159
2318 3520
2318 5099
2318 6429
2318 4632
2318 4309
2318 5656
2318 5159
2318 4925
2319 7552
2319 6065
2319 7067
2319 5053
2321 7478
2321 7302
2321 6302
2322 5168
2322 2419
2322 2510
2322 5526
2323 7089
2323 6685
2325 4204
2329 4464
2329 5960
2329 4245
2329 7089
2332 3481
2332 5554
2341 3715
2341 5044
2341 3527
2341 6302
2342 6432
2343 6460
2343 6366
2345 3692
2345 3994
2345 4916
2345 6957
2346 3247
2347 3138
2347 6852
2347 4359
2347 3786
2347 4269
2347 3093
2347 2385
2347 2836
2347 4565
2347 4636
2347 3856
2347 3809
2347 4451
2347 6207
2347 2985
2347 5420
2347 4653
2347 2991
2347 3632
2347 4657
2347 4478
2347 3129
2347 2655
2347 2559
2347 3006
2347 5909
2349 4034
2349 2955
2349 3653
2349 3622
2349 5710
2349 5159
2349 5419
2349 4999
2349 6519
2349 2591
2350 3162
2350 6490
2350 3462
2355 6914
2366 5728
2366 6373
2366 7302
2366 4593
2366 3210
2366 7170
2369 2385
2369 5035
2369 3210
2369 6091
2372 2992
2372 7248
2372 5816
2375 2502
2378 7298
2378 7268
2380 5372
2385 4451
2385 4359
2385 2985
2385 3210
2385 3083
2385 3632
2385 4657
2385 3809
2385 4636
2385 6207
2387 5968
2387 6256
2387 6636
2387 7534
2387 2800
2387 6289
2387 2930
2387 7571
2387 4705
2387 4154
2387 2747
2393 7314
2398 7248
2398 5816
2406 7352
2406 4593
2408 3520
2408 7177
2409 2414
2414 7168
2414 3204
2414 2506
2414 5520
2414 5846
2414 2906
2414 3998
2414 6352
2414 2857
2414 5681
2414 5939
2414 6004
2414 7031
2414 2442
2414 3838
2415 4744
2415 5164
2419 4417
2419 2510
2419 6489
2419 4953
2419 3415
2419 6542
2424 3845
2424 5446
2424 5577
2424 3210
2424 5324
2424 3855
2424 2896
2424 3155
2424 3822
2424 3247
2424 5790
2424 4704
2424 6305
2424 3234
2424 3430
2424 6378
2424 6575
2424 5876
2424 5001
2424 7352
2424 5820
2424 6845
2427 2707
2430 4338
2430 6468
2430 5926
2430 3432
2430 7545
2430 4779
2430 6700
2430 4621
2431 2694
2441 2912
2441 7537
2442 5939
2442 7031
2442 3385
2442 3998
2450 6784
2450 5208
2450 2643
2450 3117
2456 2912
2456 3617
2456 5154
2456 2593
2456 7245
2456 5141
2456 6656
2456 6519
2456 6330
2458 5722
2458 7045
2458 6887
2458 3781
2458 2511
2458 5791
2458 4906
2461 3974
2472 6887
2472 4623
2472 3401
2472 6475
2472 5471
2474 5650
2474 2955
2474 5335
2474 6860
2474 4713
2474 4783
2478 2736
2478 5417
2478 2510
2484 4785
2484 7170
2502 4512
2502 7221
2502 6636
2507 2912
2507 6519
2507 5401
2507 4296
2507 5963
2509 5721
2509 5334
2510 3725
2510 4614
2510 3335
2510 3853
2510 4525
2510 4112
2510 5336
2510 6419
2510 4119
2510 4632
2510 4122
2510 3503
2510 3420
2510 3102
2510 6690
2510 5670
2510 7463
2510 5417
2510 3360
2510 5168
2510 3130
2510 6489
2510 4926
2510 4554
2510 4417
2510 7494
2510 3400
2510 7498
2510 3147
2510 2892
2510 5453
2510 2807
2510 3706
2510 6414
2510 3415
2510 3417
2510 4955
2510 5212
2510 5473
2510 5563
2510 5220
2510 7525
2510 7273
2510 3946
2510 4464
2510 6769
2510 5013
2510 3705
2510 7036
2510 7037
2510 4738
2510 3977
2510 6794
2510 7563
2510 7309
2510 6542
2510 2596
2510 3224
2510 2707
2510 5526
2510 3736
2510 2957
2510 6043
2510 3269
2510 4000
2510 4006
2510 7339
2510 6071
2510 3768
2510 7200
2510 4549
2510 6094
2510 2761
2510 3274
2510 4299
2510 3278
2510 3013
2510 4052
2510 5845
2510 6873
2510 5597
2510 5342
2510 2527
2510 6881
2510 3555
2510 4072
2510 4844
2510 3767
2510 6705
2510 6131
2510 4393
2510 6906
2510 4605
2510 4350
2510 3157
2511 7045
2511 6022
2511 5933
2511 4906
2511 7542
2512 6928
2512 4378
2512 4763
2513 3937
2513 3715
2513 4309
2513 6519
2513 2801
2513 4785
2513 3514
2513 6330
2513 2591
2517 7273
2517 3853
2517 3038
2529 6463
2536 6557
2540 5531
2542 4785
2549 7162
2549 6363
2549 7350
2550 5610
2550 3430
2553 2691
2559 3632
2559 6070
2559 4636
2559 3006
2559 6207
2560 7459
2560 5258
2560 3493
2560 6774
2560 2940
2560 5066
2570 6787
2570 4393
2570 4763
2570 3038
2572 3909
2572 3261
2572 3486
2576 4657
2576 4359
2576 5956
2576 6687
2581 4937
2582 3833
2591 6487
2591 2955
2591 6597
2591 5963
2591 4561
2591 5710
2591 6801
2591 4309
2591 3612
2591 5335
2591 5343
2591 3107
2591 5861
2591 6621
2591 4593
2591 2707
2591 3509
2591 6519
2591 3130
2591 5905
2591 6013
2591 4607
2596 5159
2596 2707
2596 4999
2598 6186
2602 6963
2605 3446
2605 5770
2605 6890
2605 7213
2606 4755
2606 3655
2608 4119
2610 3791
2612 3272
2613 5623
2615 2709
2615 5478
2615 6712
2616 4561
2616 5768
2616 3341
2621 3947
2623 3826
2623 5635
2623 4151
2643 3325
2643 5910
2646 6936
2646 5498
2646 7317
2649 4457
2649 4250
2649 6341
2653 3552
2654 7248
2654 5816
2655 4636
2656 6459
2656 5099
2659 3845
2659 3404
2659 5610
2659 5324
2659 3822
2659 3855
2659 2738
2659 5236
2659 3158
2659 7162
2659 4126
2662 4897
2665 3048
2672 2690
2672 6851
2672 5526
2672 7527
2672 6490
2672 3467
2672 3341
2672 3038
2672 5405
2678 7314
2678 5436
2683 3077
2689 5901
2689 5845
2690 3341
2691 3969
2691 6341
2691 3079
2691 3018
2691 4428
2691 5968
2691 7571
2691 6180
2691 7258
2691 6941
2691 4933
2691 4512
2691 5668
2691 7534
2691 3759
2691 6256
2691 5050
2691 7101
2691 3582
2694 3360
2694 4000
2694 4034
2694 6115
2694 3038
2694 6794
2694 3853
2694 3121
2694 3555
2694 4350
2694 5497
2694 3582
2695 4028
2695 4855
2697 6432
2697 6327
2703 5268
2703 5386
2703 7004
2703 4149
2707 4309
2707 3715
2707 3495
2707 4999
2707 6280
2707 4119
2707 3853
2707 4238
2707 4632
2707 4611
2707 5656
2707 5597
2707 4382
2707 3483
2707 5030
2707 7464
2707 5673
2707 3335
2707 4061
2707 4785
2707 7090
2707 3130
2707 7352
2707 7097
2707 6330
2707 3779
2707 7246
2707 4677
2707 4554
2707 6860
2707 5200
2707 5461
2707 6621
2707 4925
2707 4961
2707 5159
2707 5011
2707 6519
2707 5501
2708 6018
2708 2742
2708 4795
2712 5461
2715 3400
2715 3946
2715 4990
2716 6153
2720 3107
2721 4359
2726 3633
2738 3424
2738 4330
2738 3855
2738 6065
2738 6964
2738 4887
2738 7352
2738 3440
2738 6363
2738 4701
2742 7601
2742 4682
2743 4000
2743 3555
2743 2887
2747 2800
2747 5377
2747 5968
2747 6362
2747 3548
2747 3082
2748 2818
2753 6936
2753 7148
2753 6341
2759 4000
2759 6250
2759 6759
2761 3360
2761 3431
2761 5670
2761 4774
2761 3463
2761 6794
2761 7563
2761 5168
2761 3157
2761 3706
2761 5563
2761 3038
2765 5268
2765 2881
2765 6194
2766 4785
2768 4338
2768 6884
2768 4671
2770 3143
2771 4890
2771 6292
2771 2943
2777 5184
2777 5562
2777 3575
2778 5157
2783 6884
2784 7588
2785 4368
2787 4000
2787 5526
2787 3400
2787 2892
2787 3853
2787 5200
2787 7123
2787 4309
2787 4247
2787 4632
2787 4122
2787 5597
2787 3038
2787 3360
2787 3042
2787 7339
2787 3121
2787 6003
2794 6515
2794 4324
2794 3446
2794 7232
2794 4304
2800 4512
2800 6180
2800 3079
2800 3082
2800 6636
2800 5968
2800 4886
2800 5303
2800 6941
2801 4785
2802 6025
2802 3482
2802 6769
2806 6884
2807 7198
2807 3767
2807 6794
2812 7581
2814 5461
2814 3097
2814 7499
2814 5724
2818 4034
2818 3653
2818 5606
2818 5768
2818 3341
2818 5334
2818 6519
2818 5401
2820 5911
2828 4785
2828 3715
2831 5489
2831 5010
2831 6134
2831 5820
2832 6566
2832 7046
2832 7015
2832 4146
2832 3247
2832 5876
2832 7162
2832 3855
2832 2972
2832 6148
2833 3802
2833 4379
2833 7348
2836 3809
2836 2991
2836 3632
2836 3006
2836 6207
2841 4785
2841 2941
2851 3793
2851 5268
2856 7135
2857 6004
2862 4769
2862 2895
2863 6529
2863 7159
2863 3822
2863 3855
2877 7109
2880 7105
2880 6246
2880 7340
2880 4383
2881 4297
2881 6194
2881 5478
2887 4000
2887 6514
2887 3555
2892 6787
2892 5526
2892 4614
2892 3853
2892 3653
2892 3157
2892 3990
2892 4119
2892 5013
2892 4122
2892 4763
2892 6490
2892 3360
2892 3361
2892 3747
2892 5510
2892 5670
2892 7339
2892 5405
2892 5168
2892 3121
2892 7608
2892 3352
2892 7498
2892 3224
2892 4000
2892 5579
2892 3269
2892 3937
2892 3400
2892 4554
2892 3945
2892 5326
2892 3725
2892 5328
2892 4561
2892 6115
2892 4309
2892 5334
2892 3162
2892 4955
2892 5212
2892 3038
2892 4961
2892 3042
2892 3555
2892 7224
2892 4337
2892 7123
2892 4350
2892 5497
2892 3836
2892 3946
2892 4990
2894 4785
2894 4783
2895 6625
2896 6529
2896 3140
2896 3606
2896 5277
2896 5324
2896 4088
2896 5526
2896 4187
2896 7162
2896 3296
2896 5925
2896 6378
2896 3437
2896 6575
2896 7350
2896 5065
2896 2936
2896 2938
2898 3162
2898 4519
2903 5206
2905 4393
2905 5579
2905 4747
2905 4337
2906 6529
2906 3602
2906 6357
2906 5832
2906 3437
2909 4785
2912 6656
2912 5154
2912 6583
2912 3912
2912 7266
2912 4785
2912 4999
2912 6519
2913 3267
2915 6688
2915 5921
2915 4359
2919 6519
2923 4785
2930 4336
2930 5377
2930 6180
2930 5910
2930 4160
2930 3582
2930 6636
2930 7534
2932 7162
2932 6755
2932 5277
2935 4525
2935 6542
2938 4374
2938 5065
2938 4330
2938 3757
2939 3969
2939 3861
2939 6929
2939 5265
2939 5807
2939 4559
2940 4232
2941 6081
2941 5335
2941 6925
2943 6292
2943 4890
2943 4111
2943 4671
2947 3781
2947 6538
2955 3715
2955 3653
2955 3622
2955 4785
2955 5710
2955 3281
2955 6519
2955 6597
2956 7498
2956 3853
2957 4496
2959 5020
2959 6979
2965 6560
2965 6138
2965 5060
2968 6495
2968 7519
2971 4105
2971 3325
2971 4446
2971 3569
2972 6593
2972 3158
2972 5446
2972 6378
2972 5324
2972 3437
2972 3822
2972 5277
2972 6419
2972 6134
2972 7352
2972 3247
2972 5053
2981 5510
2983 5377
2984 6851
2984 7295
2985 5378
2985 4676
2985 6408
2985 6427
2985 4636
2985 3809
2985 3833
2985 2991
2985 3632
2985 4657
2985 3129
2985 6458
2985 3006
2985 6207
2990 6474
2991 3809
2991 3632
2991 3129
2991 4636
2991 3006
2992 3744
2992 4341
2992 5816
2993 3972
2993 4102
2993 3880
2999 3956
3000 6688
3003 7339
3006 3809
3006 6207
3006 5420
3006 3632
3006 3424
3006 3093
3006 6070
3006 4636
3006 4478
3009 3705
3013 5513
3013 5700
3015 7268
3018 5668
3018 5372
3030 4785
3030 5159
3030 7224
3030 3853
3030 4527
3033 5447
3036 5610
3038 6787
3038 5334
3038 4614
3038 6025
3038 3341
3038 3555
3038 4112
3038 7443
3038 5015
3038 3352
3038 4122
3038 4763
3038 3228
3038 6682
3038 7200
3038 3747
3038 5510
3038 4390
3038 5159
3038 4393
3038 6706
3038 6832
3038 4366
3038 5171
3038 3194
3038 7608
3038 7498
3038 4000
3038 3360
3038 4035
3038 4804
3038 4549
3038 3400
3038 6089
3038 6477
3038 5326
3038 7224
3038 7123
3038 4309
3038 4955
3038 5597
3038 3157
3038 3679
3038 4961
3038 3042
3038 5220
3038 6094
3038 3945
3038 5579
3038 6514
3038 3653
3038 5497
3038 3836
3038 4350
3040 6593
3041 4785
3041 7151
3042 4000
3042 5510
3042 3400
3042 4554
3042 4247
3042 3853
3042 3725
3042 4122
3042 7123
3042 5326
3042 4119
3042 4955
3042 5597
3042 3360
3042 3361
3042 5220
3042 6094
3042 3945
3042 7339
3042 3747
3042 3121
3042 7224
3042 7498
3044 4607
3048 4338
3048 6884
3050 4785
3074 3628
3074 6711
3075 3136
3075 6529
3075 6378
3075 6004
3075 7350
3075 5876
3075 7162
3075 6363
3075 5277
3077 6211
3077 4338
3077 5180
3077 3466
3077 5483
3077 6335
3078 7339
3079 5968
3079 6180
3079 3382
3079 7340
3082 4384
3082 6970
3082 4154
3083 5235
3083 3632
3083 4359
3083 6427
3083 6876
3083 5454
3084 3496
3084 5060
3084 7255
3084 3432
3084 6683
3089 3632
3092 4744
3093 5921
3093 6852
3093 4359
3093 5420
3093 4269
3093 3856
3093 3632
3093 7350
3093 3809
3093 4636
3094 5049
3096 5285
3096 6887
3096 4338
3096 5587
3096 5241
3096 5918
3097 6529
3097 3462
3097 4999
3097 3853
3097 3757
3097 7162
3097 5048
3097 4330
3100 5372
3100 3582
3102 3269
3105 7472
3105 4785
3105 3715
3105 4632
3105 4986
3105 3212
3105 3514
3105 6621
3107 6432
3107 5480
3107 7242
3107 5963
3107 5454
3107 3515
3109 5386
3117 5208
3117 6784
3121 3360
3121 4000
3121 4034
3121 3400
3121 3945
3121 3341
3121 4525
3121 7224
3121 7289
3128 6593
3128 6408
3128 5010
3128 6134
3128 6967
3128 3833
3128 6458
3128 6876
3128 6207
3129 3632
3129 3138
3129 4636
3130 3779
3130 5829
3130 6860
3130 4119
3130 4785
3130 3514
3130 7209
3130 5159
3130 4986
3130 6568
3130 6454
3130 6519
3130 6330
3130 6035
3130 4607
3131 5136
3131 5384
3131 4738
3131 6477
3131 3463
3134 5330
3134 5610
3136 4704
3136 3430
3136 6378
3136 5832
3136 6065
3136 5876
3136 6004
3136 4330
3136 5790
3138 3632
3138 5001
3138 4636
3138 3181
3140 7162
3143 4338
3146 3956
3147 4549
3147 3400
3147 4955
3147 5733
3151 5335
3152 3401
3153 4068
3153 5710
3155 4330
3155 5876
3155 7352
3155 6329
3155 6378
3155 5277
3157 3360
3157 3769
3157 3706
3158 5236
3158 5065
3158 6266
3158 7581
3158 5215
3158 6305
3158 7015
3158 5610
3158 3822
3158 5876
3158 7162
3159 4955
3162 4928
3162 4000
3162 6851
3162 3400
3162 7498
3162 3341
3162 4561
3162 3990
3162 7608
3162 4575
3162 3360
3162 5475
3162 5606
3162 4519
3162 6261
3162 7224
3164 6867
3181 3845
3181 3851
3181 7256
3181 3542
3181 3994
3181 6427
3181 4511
3181 4898
3181 6824
3181 6441
3181 7339
3181 4720
3181 4916
3182 3569
3182 3325
3182 7153
3187 6519
3190 4531
3190 3972
3192 3937
3192 3653
3194 3335
3195 4785
3195 4068
3202 4785
3202 3628
3204 5610
3207 3507
3207 4845
3210 5956
3210 4356
3210 4359
3210 6419
3210 3994
3210 6412
3210 5454
3210 4243
3210 7256
3210 5892
3210 6427
3210 5790
3210 6432
3210 6566
3210 5993
3210 4842
3210 4208
3210 4657
3210 4146
3210 3507
3210 4020
3210 6134
3210 3833
3210 5243
3210 3433
3212 7472
3212 4852
3217 4000
3217 6678
3224 5220
3224 4393
3224 6762
3224 3853
3224 3768
3224 5212
3228 3400
3228 7339
3228 5597
3229 4187
3231 6755
3231 5681
3231 5224
3231 3440
3234 5610
3234 7162
3234 3855
3234 6411
3234 6845
3234 5277
3237 4177
3239 3679
3239 3862
3239 4527
3247 6593
3247 5446
3247 5102
3247 3786
3247 3437
3247 5277
3247 6419
3247 3822
3247 7162
3247 5820
3248 4855
3250 6495
3252 4053
3257 5169
3266 5790
3266 4087
3266 7162
3266 3822
3266 6207
3267 6745
3269 3360
3269 7498
3269 6705
3272 3612
3272 4785
3278 6705
3281 5664
3281 4785
3281 6519
3281 6330
3281 4238
3296 6903
3296 7352
3296 3855
3296 7162
3304 3951
3311 6784
3311 4886
3311 5208
3312 5065
3312 5277
3314 7601
3314 4738
3314 7061
3314 3463
3314 3736
3314 6903
3314 6477
3321 3744
3325 4546
3325 7153
3325 4356
3325 3569
3325 4105
3325 3793
3325 7550
3328 5807
3335 3511
3335 6621
3340 5200
3340 3520
3340 4527
3341 5635
3341 5768
3341 3394
3341 3603
3341 5405
3341 7574
3341 4122
3341 6490
3341 3360
3341 4523
3341 6445
3341 3997
3341 4915
3341 5811
3341 4151
3341 7224
3341 4928
3341 4034
3341 3653
3341 5334
3341 3400
3341 3937
3341 6883
3341 5606
3341 4561
3341 6514
3341 5099
3341 5484
3341 7083
3341 3824
3341 3826
3344 4627
3344 5814
3344 3382
3344 7571
3344 3373
3352 3360
3352 4961
3352 3747
3352 4000
3352 3400
3352 7177
3352 3946
3352 4366
3352 7123
3352 4990
3355 6208
3355 5728
3360 7083
3360 5510
3360 6794
3360 3725
3360 3555
3360 6787
3360 5526
3360 4119
3360 4122
3360 4763
3360 7498
3360 3653
3360 4000
3360 3361
3360 3747
3360 4614
3360 5670
3360 4393
3360 7339
3360 4525
3360 5168
3360 4151
3360 4554
3360 4785
3360 4549
3360 4961
3360 3400
3360 6519
3360 6605
3360 3853
3360 4561
3360 7123
3360 5326
3360 5336
3360 6873
3360 5597
3360 3937
3360 5220
3360 5606
3360 6094
3360 3946
3360 4337
3360 3836
3361 4000
3361 3747
3361 4337
3361 3400
3361 4393
3361 5168
3361 7123
3361 5526
3361 7224
3361 6003
3361 5597
3368 3460
3368 7046
3368 7020
3368 3437
3368 5277
3368 3440
3368 7469
3368 6378
3370 7044
3371 3632
3371 4359
3373 6564
3373 6246
3373 5179
3374 5042
3374 3861
3374 5302
3374 5069
3382 5968
3382 6180
3382 4766
3382 4558
3383 6316
3385 5939
3385 3998
3388 4785
3391 7437
3391 3853
3394 7339
3394 3555
3400 3715
3400 3990
3400 5768
3400 6794
3400 7563
3400 3853
3400 3603
3400 5526
3400 4119
3400 4632
3400 7067
3400 3612
3400 3653
3400 4000
3400 3747
3400 7083
3400 7224
3400 4034
3400 6519
3400 5985
3400 6860
3400 4554
3400 5579
3400 7608
3400 5334
3400 4785
3400 4961
3400 3946
3400 4519
3400 4337
3400 3826
3400 7339
3400 3705
3400 4990
3401 4623
3401 6887
3403 6660
3403 7365
3403 6341
3404 6300
3404 5065
3404 4330
3404 4187
3404 5676
3404 7162
3406 6779
3406 5239
3417 6873
3417 4549
3420 5733
3424 6065
3424 5676
3430 3845
3430 5446
3430 5832
3430 5324
3430 6222
3430 3855
3430 3822
3430 4704
3430 4577
3430 4330
3430 5876
3430 6709
3430 5815
3430 7352
3430 6312
3430 7350
3431 6082
3431 6794
3432 4374
3432 6022
3432 7255
3432 3496
3432 3721
3434 7550
3437 3845
3437 7046
3437 5324
3437 6412
3437 6222
3437 3855
3437 4755
3437 5206
3437 4704
3437 5801
3437 6378
3437 3822
3437 3440
3437 5874
3437 6419
3437 5876
3437 7162
3440 6300
3440 3845
3440 7046
3440 5065
3440 5610
3440 6574
3440 3757
3440 6419
3440 6196
3440 4087
3440 4330
3440 6575
3440 5277
3446 4304
3446 4324
3446 5285
3446 4338
3447 6330
3447 5331
3449 3507
3458 3633
3460 5235
3460 4054
3460 6755
3462 5985
3462 4393
3462 6378
3462 5461
3462 3509
3463 7392
3463 7601
3463 4738
3463 4361
3463 6898
3463 6477
3466 6289
3468 4321
3468 4006
3468 3884
3468 3725
3468 6477
3472 5048
3472 4925
3474 3928
3476 7022
3478 7527
3479 4558
3481 4356
3481 4153
3482 6025
3482 6087
3483 7464
3483 4785
3483 4632
3486 3536
3486 4338
3491 5421
3493 6139
3495 4785
3495 5159
3495 4531
3496 5060
3496 4338
3496 7255
3503 5212
3507 7162
3507 7459
3507 5206
3509 4785
3509 7301
3509 5803
3514 6625
3514 6860
3514 5709
3514 4527
3514 5335
3514 4506
3514 5343
3514 4607
3520 5572
3520 6166
3520 7177
3520 3862
3520 4632
3520 5160
3520 4852
3520 5685
3520 6702
3527 3912
3527 7537
3527 7266
3527 5896
3532 4384
3536 7220
3536 4343
3536 6887
3536 4333
3542 3994
3543 6564
3546 7493
3548 5377
3548 4060
3549 4348
3552 7248
3555 4034
3555 4000
3555 4549
3555 6794
3555 3853
3555 5526
3555 6873
3555 3653
3555 7339
3555 6261
3555 5497
3555 5052
3569 4421
3569 4105
3569 3793
3569 6162
3569 3731
3569 6362
3570 3891
3570 5997
3575 4627
3575 4807
3575 7279
3577 5966
3579 5960
3582 4512
3582 6180
3582 7534
3582 3759
3587 5850
3602 7352
3602 4126
3603 6096
3603 7224
3603 6003
3603 5220
3603 4309
3603 4393
3603 4122
3603 7339
3606 7162
3606 6420
3606 7050
3607 5461
3609 6408
3609 5454
3612 6487
3612 3715
3612 4561
3612 5963
3612 4593
3612 6519
3612 7352
3612 5335
3615 4886
3615 4647
3617 5447
3622 4388
3622 6519
3622 4506
3626 3691
3628 4808
3632 5378
3632 6852
3632 4359
3632 5454
3632 4636
3632 3809
3632 4451
3632 5420
3632 4269
3632 6645
3632 6207
3632 4478
3633 3752
3633 7090
3633 5107
3633 3768
3633 4955
3633 5212
3634 4359
3637 6121
3637 4359
3645 6678
3653 5635
3653 4997
3653 4999
3653 5003
3653 7574
3653 4000
3653 7083
3653 4151
3653 6712
3653 3773
3653 4550
3653 5218
3653 4561
3653 4309
3653 5597
3653 3937
3653 7266
3653 6883
3653 3946
3653 3824
3653 4337
3653 3826
3653 7608
3653 7339
3653 7224
3655 4720
3655 4438
3655 7256
3655 3786
3655 3855
3676 6685
3679 3715
3679 4038
3679 6860
3679 3853
3679 4785
3679 5210
3679 6621
3683 3855
3685 4587
3692 7339
3695 6656
3695 5673
3695 4632
3695 5041
3697 7162
3697 7015
3705 3984
3705 7123
3705 4122
3705 5597
3705 5454
3706 5670
3715 6470
3715 5710
3715 5966
3715 6166
3715 4632
3715 6237
3715 6621
3715 4532
3715 6519
3715 4607
3716 4614
3716 6103
3716 4122
3716 5966
3716 4549
3721 7504
3721 5739
3721 4621
3721 5927
3725 5220
3725 4006
3725 5670
3725 4232
3725 3977
3725 7498
3725 7601
3725 7123
3725 4393
3725 3736
3725 5977
3725 4955
3731 4421
3736 6514
3736 3977
3742 6300
3742 3757
3742 5925
3747 4961
3747 4000
3747 4366
3747 7123
3747 6838
3747 7224
3752 4852
3752 7097
3757 6593
3757 6529
3757 5065
3757 5324
3757 6733
3757 3855
3757 5074
3757 6378
3757 6964
3757 6709
3757 7369
3757 7352
3757 7162
3757 4330
3759 6256
3759 5377
3759 4512
3759 5051
3759 5181
3759 7534
3760 5501
3760 6621
3765 5050
3767 6769
3767 6881
3767 3977
3768 6043
3768 5212
3769 7204
3773 4785
3773 6470
3773 4999
3773 6519
3773 5335
3773 5966
3776 4785
3777 4785
3777 4499
3777 4711
3777 4569
3777 6519
3777 5821
3779 5966
3779 4607
3781 6538
3781 7551
3785 5670
3786 7489
3786 3845
3786 6408
3786 4720
3786 4146
3786 4511
3786 4438
3786 7256
3786 3833
3786 6991
3786 7350
3793 5605
3793 4249
3802 4379
3802 5372
3809 3856
3809 4359
3809 5420
3809 6172
3809 6390
3809 4636
3809 6207
3822 5378
3822 5892
3822 3845
3822 3855
3822 4126
3822 7469
3822 4657
3822 4146
3822 5790
3822 7350
3822 5065
3822 7352
3822 6845
3822 6207
3822 4934
3822 5577
3822 5324
3822 5876
3822 6329
3822 7256
3822 6876
3822 4704
3822 7015
3822 5993
3822 5610
3822 7020
3822 4720
3822 6903
3822 3833
3822 7162
3822 6463
3824 5334
3824 6883
3824 5510
3824 7224
3824 6445
3826 4000
3826 3937
3826 5218
3826 4747
3826 3946
3826 5579
3826 4561
3826 6787
3826 4151
3826 7224
3826 4337
3828 7339
3833 5378
3833 6148
3833 3845
3833 4359
3833 6408
3833 5892
3833 6427
3833 6687
3833 4657
3833 4146
3833 6967
3833 6458
3833 4511
3833 6207
3833 7489
3833 5314
3833 4676
3833 5830
3833 7256
3833 6991
3833 6876
3833 6202
3833 5993
3833 4720
3833 6770
3833 6134
3833 7294
3836 4000
3836 5510
3836 4614
3836 3884
3836 3946
3836 7123
3836 7498
3837 6884
3843 5562
3844 7105
3844 5219
3845 5378
3845 5892
3845 4359
3845 6408
3845 7182
3845 3855
3845 4755
3845 6427
3845 5790
3845 4720
3845 5029
3845 4653
3845 4657
3845 4146
3845 7352
3845 6202
3845 6845
3845 6207
3845 7489
3845 5314
3845 4676
3845 4934
3845 5921
3845 5454
3845 6991
3845 7256
3845 6876
3845 4701
3845 5610
3845 6637
3845 7294
3847 6427
3847 4636
3847 6991
3853 4614
3853 4999
3853 6925
3853 4112
3853 7498
3853 5015
3853 4632
3853 4000
3853 4393
3853 7090
3853 5166
3853 4783
3853 5168
3853 6003
3853 7224
3853 4622
3853 4554
3853 4035
3853 7492
3853 4549
3853 6089
3853 6096
3853 6878
3853 6115
3853 5220
3853 7123
3853 6519
3855 7552
3855 5892
3855 4865
3855 7182
3855 4887
3855 7194
3855 5277
3855 4126
3855 5921
3855 6312
3855 4755
3855 6065
3855 4146
3855 5790
3855 7352
3855 5439
3855 4934
3855 5236
3855 5324
3855 5330
3855 5876
3855 4704
3855 7015
3855 5610
3855 6419
3855 7162
3855 6378
3855 5909
3861 5888
3861 4457
3861 6341
3861 6275
3861 5349
3861 4744
3861 6864
3861 6005
3861 4886
3861 5623
3861 5628
3861 7365
3862 6306
3862 7317
3862 5335
3869 4359
3875 4324
3886 3977
3890 6537
3891 3969
3891 4705
3892 4785
3904 4785
3904 4943
3906 4933
3908 5960
3909 4621
3912 7266
3912 5673
3912 6519
3912 7537
3912 3986
3912 6313
3912 5159
3912 5343
3913 4795
3917 4737
3922 3984
3922 6490
3928 4983
3928 7542
3936 5858
3936 5623
3937 6519
3938 4549
3943 5343
3945 7123
3945 6094
3945 5510
3945 6316
3945 6895
3946 4000
3946 5334
3946 4151
3946 4561
3946 4309
3946 6682
3946 4961
3946 4337
3946 6519
3946 7224
3946 4990
3951 7333
3952 7339
3956 4338
3956 6212
3956 5918
3956 4623
3959 6685
3969 4705
3969 5922
3969 6021
3969 4937
3969 4428
3969 4558
3972 4531
3977 6881
3977 5657
3977 5125
3977 7601
3977 5041
3977 6460
3981 5607
3984 6460
3986 6568
3986 5673
3986 4532
3986 4309
3986 5011
3986 5343
3990 7224
3990 4309
3990 4337
3990 7608
3994 5314
3994 5997
3994 4916
3994 4380
3997 4000
3998 5939
3998 7031
4000 4098
4000 7339
4000 4614
4000 5526
4000 4763
4000 5510
4000 4393
4000 7083
4000 6445
4000 6519
4000 4403
4000 4151
4000 7608
4000 4554
4000 4035
4000 4804
4000 7498
4000 5326
4000 6883
4000 4561
4000 7123
4000 6094
4000 6103
4000 5597
4000 4575
4000 5220
4000 5606
4000 6759
4000 5484
4000 4337
4000 7025
4000 6261
4002 5623
4002 6180
4002 5807
4006 5670
4009 6350
4009 5142
4010 6085
4015 5377
4020 4720
4020 4146
4020 5314
4029 4718
4034 4915
4034 6851
4034 7224
4034 6490
4035 6514
4035 6477
4038 7090
4038 5210
4038 5695
4043 4785
4043 6519
4053 7459
4053 4975
4060 4368
4060 6564
4060 4260
4060 4397
4061 4608
4061 4785
4061 6621
4061 4815
4070 6194
4070 6021
4070 5691
4070 5983
4072 4605
4087 7189
4088 7552
4088 6529
4088 5925
4088 6300
4088 4833
4088 5676
4098 7601
4098 5657
4102 4593
4102 4587
4105 4446
4111 6884
4112 5526
4117 4593
4117 4943
4119 4614
4119 5709
4119 6094
4119 4961
4119 7123
4119 7224
4119 6969
4119 7498
4119 4862
4119 4309
4122 4614
4122 7563
4122 5901
4122 5597
4122 7339
4122 4337
4122 6514
4122 7224
4126 7015
4126 5065
4126 4330
4126 5324
4126 5236
4126 6357
4126 7162
4126 5610
4135 6250
4142 7213
4142 5285
4142 6495
4146 5378
4146 5892
4146 7489
4146 6408
4146 6411
4146 6419
4146 6427
4146 5277
4146 5156
4146 4657
4146 6721
4146 5314
4146 4676
4146 6991
4146 6876
4146 6637
4146 4720
4146 6770
4146 7294
4149 5268
4149 4249
4149 5386
4151 5635
4151 7083
4151 6445
4151 4561
4151 6883
4151 7574
4153 6980
4154 5377
4154 4173
4159 4336
4159 6005
4160 5910
4166 6221
4176 6520
4176 7545
4176 4779
4177 5825
4183 5513
4187 6529
4187 7050
4187 4330
4187 6378
4187 6183
4187 7581
4187 5662
4188 7224
4194 6350
4200 4785
4204 5011
4204 6519
4204 4607
4204 6860
4204 4527
4208 4243
4208 6566
4214 6538
4214 7338
4220 6636
4220 7571
4229 6784
4229 5661
4235 4256
4235 6887
4235 6475
4235 5203
4235 4246
4235 6747
4236 4338
4236 5281
4236 6887
4236 4671
4237 4359
4243 4704
4243 7352
4243 6566
4243 6222
4246 6747
4246 6884
4246 6887
4246 5203
4246 6475
4246 5918
4250 6341
4255 6864
4255 4877
4256 6890
4256 6475
4256 7213
4256 6495
4260 6564
4260 5131
4260 5887
4264 7135
4268 6254
4269 4636
4283 5011
4287 4338
4287 5285
4296 5635
4296 6519
4296 4388
4296 5401
4297 6194
4297 5129
4299 5917
4304 7232
4304 4324
4309 5526
4309 5901
4309 4961
4309 4453
4309 7090
4309 5905
4309 6519
4309 7224
4310 6769
4311 4611
4321 7236
4321 6865
4321 7300
4321 7129
4321 4970
4324 7232
4324 6515
4324 6696
4324 4338
4324 5203
4330 5065
4330 6357
4330 5277
4330 5610
4330 6187
4330 6065
4330 5876
4330 5815
4330 5500
4333 6495
4336 4384
4336 7153
4336 5465
4336 5498
4337 4747
4337 5579
4337 4561
4337 5334
4337 7608
4337 4393
4337 6519
4337 7224
4338 6470
4338 6022
4338 4621
4338 5793
4338 5060
4338 5020
4338 5791
4338 5281
4338 5031
4338 5980
4338 4779
4338 7220
4338 5918
4338 6212
4338 5715
4338 4823
4338 6884
4338 6887
4338 6520
4338 6515
4338 7545
4338 4671
4340 4561
4341 5196
4341 5816
4341 5305
4341 4764
4343 7200
4343 5767
4350 6115
4350 4549
4350 6025
4350 5454
4350 5475
4350 7224
4350 7295
4356 5454
4359 6407
4359 6408
4359 6412
4359 6852
4359 6427
4359 4511
4359 5921
4359 5676
4359 4657
4359 7350
4359 6687
4359 6207
4359 7489
4359 5956
4359 5206
4359 6876
4359 5736
4359 7402
4366 7116
4366 6477
4368 6564
4368 4397
4369 5304
4369 5623
4374 7255
4374 5927
4378 7224
4378 5635
4378 5334
4380 4988
4383 4696
4384 6021
4388 5401
4392 6022
4392 6041
4392 4543
4393 6787
4393 5526
4393 5454
4393 4622
4393 6742
4393 4763
4393 5220
4393 6762
4393 6316
4393 5342
4393 7544
4397 6564
4397 4518
4400 4785
4411 6022
4411 5918
4428 4937
4429 5461
4437 6283
4437 6892
4438 7256
4438 4701
4440 5635
4440 7339
4448 7248
4449 6906
4451 4636
4451 5454
4451 6207
4453 7464
4453 5966
4453 7537
4453 5011
4453 4532
4453 6805
4453 4632
4453 5044
4453 4607
4456 5334
4456 5593
4457 5251
4457 7221
4457 6005
4458 4711
4462 4955
4462 7523
4463 6384
4464 4844
4464 7046
4473 5331
4478 4636
4505 5268
4506 6519
4506 7301
4506 5159
4506 5963
4506 4527
4506 4785
4506 5335
4510 5986
4511 4701
4511 4657
4511 5430
4511 7256
4511 7402
4511 6427
4511 4842
4512 6941
4512 7534
4518 7136
4518 6564
4519 7608
4519 7224
4523 4804
4523 7302
4523 5335
4524 6039
4524 4647
4525 4549
4525 4774
4525 5417
4525 7339
4525 6094
4525 5168
4525 6414
4525 6542
4527 6280
4527 5067
4527 6860
4527 5011
4527 5593
4527 5159
4527 6621
4527 4785
4527 4531
4527 4986
4530 6709
4531 5104
4531 7266
4531 5865
4531 4607
4532 6470
4532 5011
4532 5343
4543 6022
4543 6041
4543 4940
4543 6186
4545 7525
4546 6194
4549 4934
4549 7498
4549 5526
4549 5497
4549 6906
4550 6883
4550 5334
4550 6445
4551 6621
4553 6310
4554 7498
4554 7563
4554 6925
4554 7608
4554 5526
4554 7123
4554 7224
4558 4805
4558 7148
4559 5265
4561 5334
4561 5768
4561 7117
4561 5218
4561 6883
4561 4928
4561 5606
4561 7224
4561 7083
4561 6445
4561 6519
4561 4785
4561 7608
4564 5437
4566 6981
4568 4704
4575 6683
4581 4647
4583 4842
4593 7170
4593 5829
4593 5297
4593 6568
4593 5803
4593 4785
4593 6519
4603 6887
4607 5829
4607 6280
4607 6860
4607 6330
4607 6597
4607 5159
4607 4785
4607 7090
4607 5748
4607 6519
4608 5200
4608 7025
4608 7224
4611 6239
4614 5065
4614 7498
4614 7224
4621 4871
4621 7592
4621 5980
4621 5285
4622 5168
4622 6614
4622 5526
4623 5803
4623 6887
4623 4796
4627 6256
4632 6519
4632 6860
4632 5656
4632 7464
4632 5099
4632 4785
4632 7537
4632 5159
4632 6330
4632 4925
4633 4855
4636 6427
4636 5420
4636 6268
4636 5909
4647 6600
4653 7489
4653 4676
4653 6566
4653 6408
4657 7489
4657 5378
4657 5956
4657 6412
4657 7256
4657 4676
4657 6991
4657 6876
4657 5029
4657 5314
4657 6770
4657 4720
4657 5993
4657 6427
4657 6207
4657 7294
4671 6022
4671 5715
4671 6228
4671 5781
4671 4823
4671 5791
4671 5587
4671 5075
4671 6009
4674 5664
4676 7489
4676 5314
4676 6408
4676 5993
4676 5843
4676 6991
4676 6427
4676 6419
4676 4720
4676 6967
4676 6202
4676 7294
4679 6677
4682 5319
4699 7279
4699 4886
4701 5430
4701 6566
4701 4842
4701 6207
4702 4925
4704 4934
4704 6222
4704 6329
4704 5277
4704 5610
4704 5036
4704 5876
4705 7318
4705 6632
4705 7439
4705 4744
4705 7348
4705 6395
4705 6970
4705 5787
4705 6021
4711 6065
4711 6642
4711 7352
4718 5159
4720 7489
4720 5378
4720 5892
4720 6408
4720 5314
4720 6991
4720 7256
4720 6427
4720 4898
4720 5993
4720 6770
4720 7294
4733 5386
4733 6341
4733 7022
4733 6570
4734 6878
4737 6194
4738 7204
4738 6794
4738 6477
4738 7601
4739 4785
4744 5887
4747 6787
4747 5579
4747 4990
4755 5277
4758 7224
4758 6490
4758 5405
4763 7224
4769 4785
4769 6166
4774 7563
4776 4975
4779 6468
4779 6520
4779 7545
4783 4785
4783 4986
4783 5493
4785 6144
4785 6871
4785 6166
4785 5159
4785 6711
4785 7224
4785 6713
4785 6208
4785 5709
4785 5710
4785 5200
4785 5724
4785 5728
4785 5218
4785 7266
4785 7271
4785 5650
4785 5748
4785 4971
4785 6280
4785 6801
4785 6803
4785 5401
4785 5291
4785 6837
4785 7352
4785 5310
4785 5313
4785 5335
4785 6364
4785 5343
4785 6865
4785 5357
4785 5419
4785 6923
4785 5903
4785 5905
4785 7451
4785 6945
4785 6625
4785 7499
4785 5966
4785 6992
4785 6484
4785 6487
4785 7514
4785 6494
4785 7011
4785 5480
4785 7535
4785 5493
4785 6519
4785 6832
4785 6013
4785 4997
4785 4999
4785 5011
4785 5030
4785 6583
4785 6585
4785 5054
4785 6597
4785 7114
4785 5593
4785 6621
4785 5091
4785 5606
4785 5100
4785 7151
4787 6432
4787 5213
4788 6962
4789 6977
4795 5447
4795 6591
4796 5285
4796 6887
4796 6495
4804 7339
4804 5510
4804 5597
4805 6246
4807 7279
4808 6494
4827 5992
4827 7162
4842 6566
4842 7016
4842 5454
4842 5430
4842 6876
4844 7061
4845 5206
4849 6464
4852 7492
4855 4886
4855 5628
4863 6393
4865 6566
4865 6070
4865 7016
4865 6207
4877 4886
4879 6772
4879 6341
4879 6907
4881 5454
4884 5461
4886 6864
4886 5251
4886 4996
4886 5623
4886 5103
4886 6194
4886 6970
4886 5807
4887 7552
4887 5065
4887 5610
4887 6575
4887 6637
4890 6292
4897 6282
4897 6357
4898 6408
4898 6419
4898 7256
4906 5722
4916 6441
4925 7209
4925 5100
4925 5493
4925 5048
4926 5733
4928 7224
4933 6941
4933 7022
4934 6411
4934 6419
4934 7352
4934 7162
4934 6845
4934 5790
4940 5447
4943 5877
4943 7301
4955 6094
4955 7123
4955 5013
4955 5526
4955 7200
4955 4961
4955 5342
4955 7224
4955 6906
4961 5526
4961 7498
4961 6094
4961 5200
4961 5015
4961 5597
4961 7224
4970 5454
4983 5778
4983 6902
4986 6891
4986 5335
4986 6702
4986 5966
4986 6487
4986 5710
4986 7613
4987 7608
4990 5510
4990 5334
4990 7608
4990 6682
4995 6337
4995 5660
4996 6451
4996 6382
4997 6519
4997 6653
4999 7464
4999 6860
4999 6519
5004 6123
5004 6508
5010 6593
5010 6134
5011 6945
5011 6470
5011 5335
5011 5461
5011 6519
5013 5597
5015 6094
5015 7339
5015 5597
5018 6022
5020 7592
5020 6979
5022 6132
5022 6021
5029 6991
5031 5791
5035 6091
5041 5107
5041 5748
5041 5159
5048 7209
5051 5103
5052 5510
5053 7015
5053 7162
5054 7537
5056 5933
5058 7449
5058 6508
5058 5999
5060 5715
5060 7338
5060 7089
5060 6198
5060 5819
5060 5439
5065 5324
5065 6733
5065 5074
5065 6964
5065 5676
5065 6065
5065 5876
5065 6709
5065 6346
5065 6969
5065 7162
5065 6378
5074 7162
5083 6209
5087 5909
5087 5102
5091 6803
5099 7302
5099 5159
5099 5896
5099 7151
5099 6459
5099 5343
5102 5909
5102 7015
5103 6970
5104 6487
5113 5447
5119 7135
5129 6194
5136 6477
5137 6954
5137 7447
5141 6997
5142 6350
5143 6688
5156 6408
5156 7489
5156 6427
5156 6991
5157 5304
5159 7151
5159 5748
5159 6719
5159 6330
5159 6459
5159 7036
5159 5343
5168 6414
5168 5526
5169 5454
5182 7162
5184 6795
5184 6502
5193 6382
5200 5313
5200 7498
5200 6925
5203 6887
5203 7213
5203 6515
5203 6495
5203 7519
5206 6726
5206 5610
5208 6784
5210 7090
5212 5985
5212 7563
5212 5342
5214 6865
5218 7083
5218 7339
5218 6477
5218 5334
5218 7224
5220 7339
5220 6096
5220 6514
5224 6755
5236 5832
5236 6642
5236 7015
5236 5324
5247 7350
5251 5623
5258 6537
5268 6451
5268 6008
5277 7046
5277 6411
5277 6299
5277 6566
5277 5676
5277 7352
5277 6593
5277 5324
5277 5846
5277 6378
5277 6755
5277 6134
5277 7162
5281 7264
5283 6887
5283 6747
5285 7232
5285 6887
5285 7592
5285 7018
5285 5715
5291 5593
5291 6519
5291 5428
5293 6022
5293 7335
5296 6803
5296 6653
5298 6694
5303 6283
5303 7340
5303 5368
5303 5529
5303 5498
5303 7549
5304 6256
5305 7248
5306 6463
5307 6072
5307 6089
5310 5593
5310 5428
5314 7489
5314 6148
5314 6991
5314 6852
5314 7256
5314 5892
5314 6427
5314 6876
5314 7016
5314 5993
5314 6408
5314 6458
5314 6207
5319 7601
5319 6022
5319 5447
5324 6419
5324 7015
5324 5610
5324 7162
5326 6519
5326 6089
5326 5597
5328 5985
5330 5610
5333 7104
5334 6519
5334 7117
5334 5768
5334 6883
5334 5606
5334 7083
5334 6445
5334 7224
5335 6208
5335 6443
5335 6277
5335 5963
5335 5966
5335 6519
5335 7535
5335 6330
5335 5803
5335 6851
5335 7479
5336 7339
5337 7170
5341 6350
5342 5417
5343 6597
5343 7302
5343 5896
5343 6621
5343 7537
5343 5673
5343 5551
5343 6519
5345 7104
5349 5608
5349 5628
5349 6341
5356 6709
5368 6256
5372 7365
5372 7101
5377 7104
5377 5968
5377 7534
5377 7279
5377 6256
5378 7489
5378 6427
5378 5892
5378 6408
5378 6419
5378 6991
5378 6876
5380 6860
5384 5639
5384 5657
5384 6477
5386 6256
5386 7004
5386 7022
5401 6519
5405 7520
5405 7224
5405 5597
5405 7498
5405 6490
5417 7599
5419 6597
5419 6519
5421 7421
5424 6884
5426 6954
5428 6280
5430 6566
5430 7016
5430 7067
5430 6876
5436 7314
5437 5858
5439 6363
5446 6529
5446 6593
5446 6378
5446 7352
5446 7162
5453 7224
5454 6427
5454 6432
5454 7339
5454 5933
5454 6852
5454 6082
5454 6876
5454 6782
5454 6441
5461 6529
5461 7285
5465 6632
5471 6475
5471 6887
5478 6194
5478 7051
5483 6211
5497 7123
5498 6564
5498 7148
5501 6803
5501 5593
5501 6653
5501 6621
5510 7123
5510 5597
5522 7465
5526 7264
5526 7498
5526 7563
5526 6733
5526 7224
5526 7123
5526 6043
5526 5670
5526 6705
5526 6414
5526 6969
5529 5878
5529 7128
5542 5921
5546 6741
5565 6408
5573 6330
5577 6903
5577 6378
5577 5610
5593 5905
5593 6803
5593 6621
5597 6089
5597 7498
5597 6605
5597 7224
5597 7339
5597 6514
5597 7608
5597 7289
5606 7224
5607 5992
5608 6341
5610 6419
5610 6172
5610 5662
5610 6065
5610 5676
5610 6709
5610 7109
5610 7352
5610 6312
5623 6085
5623 6360
5635 7339
5639 5657
5639 6477
5648 7298
5648 7268
5650 6013
5657 7601
5657 6477
5662 7162
5664 7472
5668 7571
5668 7534
5670 7123
5673 7302
5676 5832
5676 7374
5676 6378
5676 6709
5676 7350
5676 7162
5681 7159
5681 6004
5700 5913
5710 6519
5715 5791
5719 6449
5719 7041
5724 6418
5724 6621
5739 5927
5760 7549
5768 7083
5768 6445
5770 7213
5770 6890
5770 7519
5778 7592
5781 6887
5781 5918
5787 6922
5790 6408
5790 6222
5790 7352
5790 7162
5790 5921
5790 5832
5790 7350
5790 6378
5793 7463
5803 6961
5807 6784
5811 7224
5811 7290
5814 6005
5814 6965
5815 5876
5815 6575
5816 7248
5829 6803
5829 7499
5832 6196
5832 6357
5832 7352
5838 7542
5841 7172
5861 6519
5865 6443
5870 6539
5874 6658
5874 6642
5876 6529
5876 6969
5876 6187
5876 7350
5876 7352
5876 6329
5876 7162
5876 6378
5877 7301
5878 6564
5892 7489
5892 6148
5892 7256
5892 6427
5892 6770
5892 6202
5892 6207
5902 6642
5909 6419
5909 7027
5909 7350
5909 7162
5918 6887
5918 6890
5921 7182
5921 6207
5922 6180
5922 6137
5922 7534
5925 7162
5926 6675
5933 7172
5939 7031
5956 7201
5956 6852
5956 6566
5963 6597
5963 6081
5963 6013
5963 6519
5966 7301
5966 6519
5966 6139
5968 7340
5968 7128
5968 6180
5968 6941
5968 6341
5971 6212
5979 6519
5979 6166
5979 6487
5993 7489
5993 7256
5993 6202
5993 6427
5993 6458
5995 7162
6003 7224
6004 6529
6004 7015
6004 6378
6005 7365
6013 6081
6013 6519
6013 6330
6021 6970
6021 6922
6022 6528
6022 6041
6022 7229
6022 7542
6024 6508
6027 6378
6041 6294
6065 6661
6065 6733
6065 7374
6065 7162
6065 7015
6065 6187
6071 6690
6085 7104
6089 6787
6094 7498
6094 7123
6094 7525
6094 7339
6094 6895
6096 6115
6096 6131
6115 6131
6115 7464
6134 6408
6134 6419
6134 6458
6134 6207
6144 7472
6144 6583
6148 7256
6153 6194
6180 7534
6180 7279
6180 7128
6180 6941
6186 7306
6187 6378
6194 6349
6196 7352
6196 6378
6202 7489
6202 6408
6207 6408
6207 6427
6207 6687
6207 6458
6207 7489
6207 6852
6207 6991
6207 7256
6207 6876
6207 7016
6208 6519
6211 6335
6214 6293
6225 6393
6237 7003
6246 6256
6250 6939
6251 6357
6256 6636
6256 7571
6256 7534
6256 7550
6261 6514
6275 6784
6275 6341
6276 6539
6280 6860
6280 6621
6282 6411
6283 7000
6283 7549
6300 7352
6300 7369
6302 7492
6302 6925
6302 6719
6306 7177
6312 7194
6313 7537
6316 6432
6327 6432
6329 7193
6330 6373
6330 6803
6330 6482
6337 6537
6341 7148
6341 6772
6352 7162
6352 7581
6353 6460
6357 6419
6363 6575
6363 7374
6366 6460
6373 6519
6378 6529
6378 7352
6378 7015
6378 7552
6378 7350
6378 7162
6386 6685
6393 7180
6407 6858
6408 7489
6408 6419
6408 6427
6408 6820
6408 6967
6408 6593
6408 6991
6408 7256
6408 6458
6408 6637
6408 7294
6417 6592
6417 6538
6417 7054
6419 7489
6419 7256
6419 7162
6419 6755
6419 6967
6419 6458
6427 7489
6427 6967
6427 6991
6427 6770
6427 6458
6427 7294
6441 7172
6443 7129
6445 6883
6445 7083
6445 6514
6458 7256
6458 6967
6458 6876
6459 6944
6459 6492
6460 7601
6460 6477
6468 6884
6468 7545
6475 6747
6475 6887
6475 6606
6477 6832
6487 6518
6487 6519
6489 6655
6490 7520
6490 7498
6494 6519
6495 6696
6495 7213
6495 7220
6495 7519
6508 7249
6512 6729
6514 7498
6514 7224
6515 7232
6518 6992
6519 6656
6519 6803
6519 7224
6519 7245
6519 7266
6519 7535
6519 6860
6519 6621
6519 6891
6519 6653
6528 6538
6528 6563
6529 7162
6538 7054
6538 7504
6538 7338
6538 7035
6538 7551
6564 7561
6564 7449
6564 6761
6566 7046
6566 7016
6568 6656
6568 7266
6568 6956
6573 6892
6575 7162
6592 7338
6600 6963
6621 7339
6621 7224
6632 6775
6636 7571
6636 6775
6637 6991
6642 7429
6645 6687
6656 6944
6656 7295
6682 7224
6700 7545
6705 7200
6709 7374
6709 7162
6733 7162
6746 7478
6747 6887
6769 7061
6770 6991
6779 7417
6787 7498
6794 7601
6794 7123
6805 7011
6826 6947
6834 7213
6838 7123
6838 7498
6845 7352
6851 7295
6852 6876
6858 7159
6869 7067
6872 6954
6873 7339
6883 7083
6884 6887
6887 7393
6887 7220
6890 7213
6890 7519
6903 7162
6925 7036
6936 7340
6936 6965
6941 7534
6941 7279
6965 7105
6965 7340
6969 7162
6970 7348
6991 7489
6991 7256
7005 7170
7015 7581
7015 7162
7045 7335
7046 7162
7050 7581
7101 7571
7123 7563
7123 7224
7128 7279
7153 7258
7153 7550
7162 7581
7162 7350
7162 7352
7162 7374
7170 7302
7195 7407
7213 7519
7224 7339
7224 7289
7245 7535
7256 7489
7268 7298
7289 7339
7333 7592
7339 7498
7352 7552
7402 7601
7420 7545
